jannis/table_1_2.V40,jannis/table_1_2.V43,jannis/table_1_2.V29,jannis/table_1_2.V38,jannis/table_1_2.Key_1_2,Key_0_0
47.4571,14.3143,0.314583,0.344444,17474,10674
23.3027,19.621,0.197222,0.147917,5038,49068
17.2374,14.9788,1.0,0.145833,51549,33683
19.0361,14.2008,1.0,0.530556,52216,22267
18.8107,1.57762,0.3625,0.25,56929,39251
3.97399,15.9215,1.0,0.0645833,49949,36445
58.5194,20.6775,0.075,0.241667,56757,19631
47.0824,6.37191,0.608333,1.0,47226,32954
8.66883,8.59006,0.254167,0.40625,45918,15652
19.9381,4.98298,0.147917,0.458333,41889,3094
27.1252,19.5344,0.15,0.0916667,47026,491
10.5267,8.56391,0.358333,0.275,2325,43950
52.0695,11.6076,0.0791667,0.255556,22663,14272
23.7577,14.7407,0.402083,0.388889,5850,23583
44.5709,7.08273,0.314583,0.127778,52507,48608
43.0808,4.55234,1.0,0.177778,24925,53472
55.0429,3.83765,0.427083,0.358333,6237,37447
53.9034,4.22276,0.175,0.266667,18521,20626
47.9118,8.43812,1.0,1.0,54511,15499
52.4057,10.585,0.0854167,0.335417,40144,36706
30.5867,18.6825,0.310417,0.346875,55926,7514
7.66768,5.24109,0.752778,0.275,15463,36383
28.6319,16.0442,1.0,0.647222,26056,22299
18.0652,19.3428,0.994444,0.466667,35270,40810
27.2343,16.2355,1.0,0.416667,46605,28801
67.7353,7.44152,0.260417,0.144444,47931,53986
35.2134,5.5101,0.504167,0.4625,3117,41227
12.2585,7.36619,1.0,0.289583,8059,48507
16.6804,15.7643,0.736111,0.241667,15455,11093
27.9393,11.9197,0.161111,0.353125,43244,38713
14.146,18.3662,0.202083,0.419444,5790,15012
41.7518,8.83435,0.95,0.536111,14763,45950
18.768,10.5202,0.866667,0.360417,42962,32135
34.5095,16.9924,1.0,0.280556,30253,11442
45.0648,4.34915,1.0,0.2375,34493,51898
41.0389,16.9454,0.119444,0.472222,57463,28149
56.3599,18.7559,0.20625,0.829167,26930,48872
13.7359,15.7029,1.0,0.677778,21428,10656
10.9413,12.036,0.725,0.655556,44692,28857
30.8879,22.5495,0.64375,0.533333,24990,44272
83.2362,1.11273,0.122222,0.147222,29359,39616
33.482,15.9185,0.11875,0.375,11161,26397
16.8411,16.6477,0.0625,0.538889,15519,12976
39.4376,6.74764,1.0,0.111111,14300,37208
39.8864,5.34009,0.2375,0.195833,34369,33102
15.7127,11.4883,1.0,0.375,23565,39219
15.2721,14.8906,0.966667,0.647222,6483,55374
55.1327,15.1749,0.0375,0.380556,50217,40665
11.7765,6.6921,1.0,0.38125,26777,56800
5.77637,16.1443,0.241667,0.111111,48547,40644
53.8506,2.8612,1.0,0.397917,30091,35939
38.557,1.84852,1.0,0.1,24581,43786
23.4723,11.5208,0.211111,0.477778,27108,27746
16.7941,8.8131,1.0,0.659375,57373,56326
20.7626,6.67879,0.245833,0.211111,19835,49629
9.67883,9.36594,0.127083,0.689583,28422,40307
38.3625,21.9157,1.0,0.383333,17539,5883
35.3081,1.47333,0.405556,1.0,48284,48469
54.6626,1.60471,0.945833,0.494444,7771,17153
10.8625,16.1812,0.408333,0.127083,51033,26586
49.1817,10.5967,0.480556,0.283333,10607,35037
15.6961,2.30641,0.311111,0.155556,41675,38013
28.13,10.0055,0.104167,0.55,56472,3329
55.9138,3.29863,0.320833,0.375,42635,2091
38.2031,3.3402,0.635417,0.204167,1319,15733
56.7825,3.19714,0.302083,0.133333,34200,42154
11.0132,8.93184,0.127083,0.45,22664,22854
30.0903,6.46947,0.783333,0.155556,57287,53640
89.9963,5.83674,1.0,0.294444,45151,51107
38.9721,14.7867,1.0,0.827778,41658,25477
18.5363,20.558,0.158333,0.4375,25762,26881
32.4593,2.54581,1.0,0.26875,54404,20509
4.96495,21.7542,1.0,0.0555556,19582,52683
52.6921,16.4372,0.91875,0.252083,23711,22648
25.0357,12.2615,1.0,0.325,48739,51602
10.1709,18.5991,0.36875,0.230556,50768,16822
57.8567,20.2181,0.833333,0.0888889,15046,50256
76.8136,1.87944,1.0,0.458333,3252,15763
64.8652,2.64352,0.641667,1.0,55919,10953
5.09672,9.97688,0.4375,0.727778,15251,3545
11.0439,3.83515,0.09375,0.497917,40938,28387
18.4709,17.0547,1.0,0.75625,32274,33671
65.889,12.8938,0.1125,0.741667,31109,9427
28.7234,8.15992,0.8125,1.0,100,43871
13.1221,7.43552,0.315625,0.0979167,28690,38561
56.2918,14.5692,1.0,0.591667,52622,26796
9.75312,11.1191,1.0,0.622222,23451,20977
41.3175,15.1971,0.539583,0.222917,6410,43344
15.2662,18.909,0.1875,0.25625,43159,10496
33.7043,3.40274,0.341667,0.494444,4729,46778
19.3574,14.8142,0.0875,0.414583,18441,9023
5.17818,12.0053,1.0,0.244444,11153,23687
16.7986,5.49138,1.0,0.602778,16383,56966
47.4374,15.6335,0.758333,0.297222,3046,53046
38.5613,16.1856,1.0,0.472222,5205,12991
44.364,8.86997,1.0,0.18125,52092,53873
30.2395,2.2476,0.979167,0.477778,49886,38133
28.7261,1.72676,0.108333,0.966667,17154,55895
47.8155,13.3966,0.3875,0.113889,45483,57032
18.3284,8.73214,0.5,0.419444,25882,24880
29.9129,16.4114,0.485417,0.0944444,4484,949
75.7946,13.2322,0.0395833,0.191667,32287,2071
17.0614,10.5415,1.0,0.0444444,32649,19203
45.0902,10.2225,0.66875,0.544444,15152,15703
22.3016,18.1587,0.135417,0.358333,37253,28701
13.8595,21.2273,0.370833,0.255556,17826,52397
5.29342,18.6696,0.875,0.372222,13190,7980
51.7443,7.53257,0.8,0.05,45280,44518
11.6324,10.3597,0.479167,0.310417,4400,379
13.5296,0.907496,1.0,0.241667,40601,46264
47.2816,8.22193,1.0,0.341667,28222,40234
39.6867,8.11048,1.0,0.338889,10692,36673
10.4035,9.57966,1.0,0.322222,47350,38336
34.5564,7.82325,0.141667,0.677778,18570,8870
17.8773,12.0016,0.229167,0.258333,53886,34065
23.7898,9.71779,0.3875,0.10625,50749,21509
40.3782,21.8017,0.291667,0.347222,52011,15215
47.6929,13.4297,0.316667,0.105556,14248,41281
21.2507,8.11852,1.0,0.33125,42384,33028
23.2138,8.26947,0.3,0.559375,179,13214
69.0231,5.51668,0.125,0.455556,17346,22275
59.5141,7.65306,1.0,0.414583,44328,41363
3.12688,6.63021,0.104167,0.469444,43233,47
31.6959,5.96873,0.110417,0.35,6328,45641
50.6463,16.894,0.3625,0.870833,40872,55161
29.7833,3.27115,0.227083,0.108333,30384,10299
24.0997,2.05372,0.472222,0.284375,48363,51284
46.028,11.4062,0.575,0.0472222,24145,15683
28.9018,1.31119,0.110417,0.588889,16463,36481
10.241,7.67352,0.247917,0.496875,54968,12147
10.6502,6.87277,1.0,0.552778,50037,52979
36.6193,16.6761,0.336111,0.163889,11158,51846
36.8531,0.844997,1.0,0.808333,11920,42550
70.3692,5.52899,0.419444,0.461111,54017,7097
17.7882,14.3565,0.1875,1.0,12886,5032
11.1752,12.1213,1.0,0.397222,48503,20814
16.7544,10.9324,0.0833333,0.860417,48667,2707
65.0917,15.613,0.902083,0.538889,17445,6283
21.4813,20.2479,0.666667,0.575,13395,25316
75.5646,6.00276,0.8125,0.205556,31665,10406
35.7522,7.88743,0.902083,0.780556,48820,19355
46.8868,17.1228,0.329167,0.0729167,51560,25519
75.9858,8.85948,1.0,0.0833333,3232,33539
6.16299,13.1801,0.346875,0.222222,26803,31773
29.8404,7.50038,1.0,0.155556,53749,43751
18.3302,13.0674,1.0,0.796875,35010,49018
69.0474,9.24726,0.863889,0.610417,49426,25269
24.7395,11.4649,0.0729167,0.447222,41649,18585
28.4529,3.93012,0.477778,0.18125,10129,38095
38.4843,6.03144,0.1125,0.954167,303,56252
57.0216,13.1673,0.1875,0.402778,16677,37064
37.3486,4.57147,0.952083,0.119444,27000,32322
17.5691,1.24988,1.0,0.161111,41689,8061
22.6288,10.6437,0.2375,0.475,9256,5063
41.4225,5.92298,0.141667,0.269444,54835,42828
11.5346,12.042,0.152083,0.297222,43030,31271
44.0806,6.96711,0.458333,0.833333,21133,41186
7.05766,18.7889,0.73125,0.26875,6911,18844
25.5204,14.4147,1.0,0.413889,33095,302
31.5817,10.7557,0.204167,0.236111,51743,51188
14.517,13.1883,0.479167,0.7,48959,55461
40.7761,10.6596,0.30625,0.169444,20855,21523
32.1464,15.0604,1.0,0.440625,38518,11397
36.1553,5.3707,0.385417,0.175,21898,30677
21.5719,19.4449,0.139583,0.180556,2804,23406
37.8643,13.9588,0.183333,0.0805556,27103,7207
24.4719,17.3982,0.1375,0.784375,13009,48403
28.5764,10.2698,1.0,0.310417,56643,43432
51.5044,22.0943,0.963889,0.327778,44342,55571
18.6374,8.64198,0.49375,0.261111,4302,43597
55.0317,6.29377,0.208333,0.271875,1474,15852
50.6737,7.60619,1.0,0.45625,3030,55298
49.8866,3.94984,0.666667,0.911111,40591,52281
51.032,4.25588,0.333333,0.195833,2945,19521
38.8373,22.5758,1.0,0.283333,35119,36917
2.22259,9.37298,1.0,0.11875,32040,25402
88.8686,15.9886,0.141667,0.179167,11442,17210
21.8761,2.68681,0.197222,0.2875,46806,1746
3.62049,19.7581,0.420833,0.161111,32451,16468
33.3687,15.9037,0.775,0.738889,28180,52058
18.1533,13.8849,0.384375,0.441667,30276,38911
15.6803,6.47476,1.0,0.988889,18452,26739
10.2223,20.1812,0.172917,0.475,17708,7410
45.2567,13.3666,1.0,0.0229167,4167,11197
29.1672,11.1869,1.0,0.338889,8880,2332
1.40014,5.31159,0.0479167,0.694444,39444,13727
53.2715,4.29596,0.697917,0.539583,15985,33229
29.5617,14.7019,1.0,0.297222,28766,50274
26.1038,12.268,0.419444,0.158333,4896,30541
17.4846,19.0125,0.135417,0.3625,1272,55300
20.0058,10.8096,0.28125,0.255556,4402,21148
26.452,10.3638,0.939583,0.685417,36420,42877
61.6541,14.6437,0.513889,0.313889,6921,49081
23.978,16.9967,1.0,0.363889,29391,11583
5.43829,8.10338,0.855556,0.402778,36786,12874
27.5278,11.2232,0.61875,0.847222,21153,19230
44.2339,11.5681,0.99375,0.252778,53217,44122
44.7117,8.9224,1.0,0.189583,12628,43396
18.3871,17.9291,0.289583,0.241667,54444,54415
57.7991,15.7961,0.527778,0.139583,27935,46705
35.7326,16.755,1.0,0.0666667,49136,1064
20.6555,6.82217,0.666667,0.436111,25110,16371
6.65954,5.43843,1.0,0.152083,20640,16136
60.8724,14.4869,0.189583,0.191667,19659,2728
33.8685,1.29757,1.0,0.28125,15652,30285
58.0474,14.5705,0.333333,0.402083,53651,45467
49.5386,8.85838,1.0,1.0,36054,51086
53.1607,12.1989,0.370833,0.99375,28130,14403
22.3594,7.30525,0.4875,0.403125,53415,54626
12.0101,13.3883,0.295833,0.833333,38234,54656
7.58282,15.1916,0.235417,0.390625,36666,4028
37.2518,8.81856,0.127083,0.577778,46566,9320
63.6775,24.0797,0.361111,0.771875,41136,53661
16.7484,14.7849,0.714583,0.375,26219,35565
33.1687,5.07427,0.58125,0.766667,9887,17014
49.5893,10.7652,0.791667,0.213889,11174,13464
16.2891,0.48082,0.972917,0.133333,40295,23040
20.894,11.7576,0.339583,0.713889,6475,33692
45.2806,10.3164,0.4375,0.645833,50950,17582
51.9709,9.42742,1.0,0.277778,25851,33996
40.4754,22.3956,1.0,0.7875,53306,15670
46.5549,15.2889,0.08125,0.594444,26113,796
34.047,12.1506,1.0,0.0541667,28162,22391
11.4267,1.90643,0.4625,0.138889,36044,56546
22.1529,4.52359,1.0,0.255556,43547,36144
13.7211,5.7356,0.208333,0.88125,39499,55358
15.8682,3.93965,0.2375,0.369444,14741,1600
47.5828,9.47067,0.0520833,0.822222,23979,8587
65.0294,4.56753,0.0416667,0.710417,43556,57375
2.15755,2.39116,0.152083,0.2125,17661,5830
40.3927,21.9738,0.122222,0.447222,56013,57052
15.0672,6.08587,0.391667,0.166667,31384,2159
24.891,13.9185,0.133333,0.3,17720,33839
40.6438,14.9332,0.177083,0.88125,31243,50854
31.832,14.3093,0.213889,0.25,18624,41944
43.1528,14.5997,0.145833,0.625,55380,38243
39.7487,11.9195,0.508333,0.533333,6414,27451
53.8346,14.5864,0.716667,0.466667,17581,22952
28.4573,17.6218,1.0,0.497222,22786,19578
3.65378,7.04274,0.641667,0.329167,27442,27770
69.2128,5.29316,1.0,0.561111,27694,9400
34.1778,10.4948,0.866667,0.670833,621,21748
41.9419,11.7931,0.845833,0.244444,38315,19640
61.7623,24.0048,1.0,0.266667,18314,4914
30.1716,2.92093,0.811111,0.488889,31861,50573
5.97078,3.15271,1.0,1.0,6612,11387
26.455,10.5125,0.245833,0.158333,14911,7576
50.0638,11.6806,0.438889,0.236111,1208,53714
18.3448,17.8585,1.0,0.838889,2928,24813
46.9389,4.70364,0.3375,0.346875,19497,35035
28.8614,26.8648,1.0,0.33125,52023,5267
34.7763,13.2738,0.366667,0.111111,41902,15900
57.1759,10.583,1.0,0.291667,7265,50943
16.6279,4.02186,0.252083,0.947917,384,30143
45.5754,1.50876,1.0,0.222917,50868,42751
20.3574,4.68139,1.0,0.530556,7081,5525
39.4162,5.91205,0.280556,0.810417,52234,46533
17.4404,20.2016,0.18125,0.344444,26796,38397
26.3215,12.2588,1.0,0.511111,12720,27147
41.4788,14.1266,0.995833,0.152778,35958,41760
25.4791,12.953,0.125,0.814583,38940,18414
45.5909,20.12,0.195833,0.0444444,52577,13351
22.0564,8.3485,0.129167,0.591667,9560,42271
54.1705,2.7325,0.216667,0.227778,15215,24823
25.5785,9.52714,0.679167,0.125,56477,13097
8.53096,7.73812,0.135417,0.59375,26622,114
56.3973,18.4359,0.297917,0.311111,8392,53426
62.1332,16.2703,0.83125,0.18125,8383,5570
2.78404,4.02282,0.73125,0.663889,12176,49690
21.6686,7.45128,0.295833,0.516667,33749,7474
18.7113,7.64847,1.0,0.333333,18319,44481
24.0794,9.36183,1.0,0.566667,10134,26245
52.9615,5.59899,0.8625,0.0972222,42055,24615
14.0526,17.2685,0.570833,0.663889,37392,39286
37.4982,16.0714,0.645833,0.366667,19652,10035
47.5875,2.53714,0.922917,0.65625,52703,36083
32.0721,0.940328,0.18125,0.863889,39139,5993
2.45784,18.1819,0.616667,0.05,7834,45691
20.9651,22.4801,0.65,0.1125,36793,13455
7.06182,13.3059,1.0,0.227083,5103,55553
7.0453,9.69249,1.0,0.630556,12330,45287
25.9995,17.9212,1.0,0.261111,27076,39413
23.0497,12.9743,0.338889,0.191667,31239,35660
22.1566,7.63376,0.572222,0.397222,40810,35018
30.4788,13.9122,0.616667,0.283333,21759,51102
16.9092,10.6847,0.83125,0.102778,50375,50752
68.3817,5.00892,0.605556,0.258333,22122,52275
65.6221,26.6244,0.0458333,0.108333,49074,25244
57.8353,0.2794,0.155556,0.275,4347,32939
14.0968,13.8056,0.20625,0.522222,10152,38410
16.4435,2.02239,1.0,1.0,10291,1327
28.2718,13.7262,0.740625,0.390625,54676,54599
46.3404,10.308,1.0,0.26875,1827,24624
20.3776,1.15048,0.3375,0.914583,35461,35204
7.13351,10.9912,1.0,0.3,10710,39273
34.6948,14.1301,0.336111,0.194444,16037,36575
50.0083,21.5955,0.272222,0.655556,6785,107
30.9386,1.41446,0.735417,0.455556,35677,27080
26.8313,17.5417,0.339583,0.822222,42723,51980
10.5021,7.47442,0.454167,0.1625,36410,8295
72.9605,2.39461,0.18125,1.0,18101,19019
43.7647,2.58112,0.08125,0.254167,36979,24125
14.0894,14.7718,0.25,0.53125,13288,2077
35.1499,2.26089,0.1125,0.10625,35584,45508
55.2245,4.82637,0.260417,0.388889,16871,22403
50.6142,13.3776,0.575,0.354167,49241,10060
33.6575,8.33304,1.0,0.591667,42263,37460
61.2729,15.9813,0.461111,0.447222,1491,12125
43.0017,6.5726,0.472917,0.20625,18213,19884
88.5643,6.55237,1.0,0.191667,28038,47931
32.9291,14.8297,0.338889,0.344444,56438,8567
22.2623,9.35243,0.335417,0.608333,55950,22529
44.2212,20.9728,1.0,0.0638889,56187,50438
8.14013,16.1433,1.0,0.383333,26045,40890
19.5516,19.2611,0.241667,0.116667,5599,31113
84.7774,13.4217,0.338889,0.227083,47997,44228
41.355,14.6882,0.541667,0.5375,3782,11225
14.971,13.5648,0.955556,0.56875,41874,49605
3.93914,16.9397,0.994444,0.727083,44859,16104
26.6754,14.0597,0.19375,0.138889,13205,1911
33.8957,11.1898,0.129167,0.636111,17507,50175
28.8327,0.868977,0.433333,0.303125,43739,16149
45.2907,15.6389,0.777083,0.838889,7720,43868
34.3549,10.0817,0.472917,0.616667,23348,720
43.2964,9.0394,0.358333,0.779167,7828,50517
19.8991,11.4931,1.0,0.472222,20709,13395
34.572,5.12454,0.139583,0.414583,49022,7050
66.4843,7.82217,0.341667,0.458333,11953,32302
18.9525,13.3352,0.53125,0.158333,20982,4236
9.32272,10.7446,0.14375,0.311111,35354,52934
38.8399,8.94616,0.11875,0.552083,32855,7150
50.7191,16.3001,1.0,0.60625,11213,51990
7.10708,13.9644,0.66875,0.389583,24975,46217
27.8239,3.6064,0.891667,0.55625,13245,16630
33.5742,6.39298,0.236111,0.355556,26579,17886
69.0941,3.03759,1.0,0.552778,42105,6855
21.6039,19.6675,0.785417,0.169444,16858,16995
43.2032,23.1041,0.2125,0.875,6091,20305
35.8608,0.302334,0.50625,0.364583,39263,35164
54.094,11.0645,0.289583,0.233333,36831,28094
13.501,21.3226,0.152083,0.540625,52492,49372
44.4935,7.42933,0.49375,0.169444,42947,9901
46.1406,11.9263,0.783333,0.547222,20635,50508
8.13107,11.4988,1.0,0.308333,8805,26888
36.7759,10.2398,0.0479167,0.377778,9408,2743
4.87044,9.35622,0.69375,0.761111,38189,45267
47.2248,1.49825,0.605556,0.238889,13479,43134
29.7035,12.4849,1.0,0.345833,21029,3002
39.6085,9.77237,0.269444,0.244444,23708,3831
46.6447,4.47748,0.285417,0.278125,20141,37929
41.5195,0.297453,0.952083,0.169444,41698,27959
48.2219,14.2867,1.0,0.5125,12127,40645
7.08035,11.9469,0.0854167,0.277778,15167,31625
27.0058,6.25765,1.0,0.127778,25020,47819
66.1408,11.9862,0.49375,1.0,48864,38315
8.90389,10.2263,0.120833,0.229167,29610,53751
67.0699,6.38469,0.395833,0.220833,54341,48559
16.7139,7.06748,0.2625,0.1625,50705,57072
31.2976,6.1668,0.122917,0.214583,6855,975
41.0993,17.8707,0.189583,0.225,37049,55533
30.1785,7.21463,0.35625,0.163889,34149,23472
15.4627,0.120874,1.0,0.591667,31517,1786
12.3014,9.73516,1.0,0.835417,12719,33560
33.9015,10.5938,0.429167,0.03125,44738,37665
39.7131,4.45761,1.0,0.530556,33735,12969
19.6096,2.72249,0.604167,0.0388889,28349,57257
10.8318,12.6522,0.23125,0.230556,44552,42246
58.9419,5.43843,0.104167,0.369444,14938,5725
44.772,13.2649,0.24375,0.369444,33027,13962
21.3466,5.19754,0.591667,0.2375,17918,10377
40.4156,4.04166,1.0,0.19375,28567,46140
21.4932,0.991468,0.829167,0.455556,28380,27027
60.8977,1.28643,0.102778,0.8,51159,50833
36.6288,10.6371,0.558333,0.690625,43652,27755
77.1553,2.62275,0.236111,0.383333,15601,27035
10.2319,2.33776,1.0,0.438889,14229,44736
49.43,5.59037,0.236111,0.469444,4087,41877
8.52062,10.2133,0.872917,0.414583,47468,11754
44.9274,4.7595,1.0,0.169444,43929,4010
29.0848,14.8312,0.43125,0.625,27550,49462
43.0026,17.6113,1.0,0.986111,36145,21279
55.3026,13.7758,0.294444,0.319444,40819,41581
32.8806,14.9708,0.90625,0.494444,46359,52323
61.7927,12.998,0.30625,0.297222,53224,34349
35.6146,6.12274,0.1375,0.172222,50221,21190
32.6541,4.45878,0.91875,0.172222,13517,43275
80.4595,3.13182,0.311111,0.152778,12743,42789
41.3952,13.6776,0.375,0.13125,27490,37462
68.7684,3.38327,0.30625,0.408333,12933,29477
24.2602,5.63254,0.0972222,0.9125,46530,56236
20.6618,3.67858,0.216667,0.530556,24089,50271
54.7015,8.10224,0.15625,0.18125,39731,32419
63.2091,12.4696,0.264583,0.213889,4313,28607
57.8523,10.5113,1.0,0.127778,30311,29577
13.2252,10.3492,0.285417,0.616667,13810,31338
31.5318,11.436,0.175,0.369444,32151,45481
20.6634,13.9506,0.429167,0.677778,2900,6149
52.1202,22.9969,0.0458333,0.688889,19484,48752
23.0235,5.65494,0.291667,0.211111,9071,43748
32.0741,7.254,0.160417,0.925,16736,18210
13.4134,12.0383,1.0,0.213889,8949,28025
45.4313,10.0804,0.0979167,0.08125,32893,53109
67.8389,2.13809,0.0895833,0.158333,47767,21277
10.1257,10.8642,0.619444,0.597222,10859,53836
19.378,16.358,0.385417,0.169444,46837,35882
38.1627,14.4808,0.51875,0.411111,17219,14297
38.7134,17.4007,0.213889,0.347222,19689,40716
10.1473,9.84725,1.0,0.502778,34275,14250
27.7697,11.3348,1.0,0.989583,42559,34820
32.5369,3.20869,0.19375,0.705556,55329,10969
50.5276,6.9431,0.18125,0.302778,7523,40475
39.3778,15.7474,0.427083,0.903125,28734,29613
10.5378,6.53169,0.0958333,0.183333,18079,36981
45.3382,0.884087,1.0,0.341667,40068,15920
65.6053,15.3023,1.0,0.297917,23623,14492
19.5252,7.87908,0.354167,0.21875,27927,53417
67.9323,8.92587,1.0,0.402083,9194,24912
38.773,2.45832,0.135417,0.84375,11457,51573
35.892,8.89646,0.291667,0.504167,15316,5846
29.2204,7.00717,0.15625,0.378125,57386,1778
30.1483,4.48442,0.09375,0.378125,40848,37360
42.3469,4.4008,1.0,0.363889,21093,17011
28.2102,11.2478,0.375,0.522222,50951,49768
59.0426,15.0743,1.0,0.872222,26773,324
26.8942,10.748,1.0,0.719444,29951,5695
41.3473,5.90209,1.0,0.241667,19695,54847
28.4096,15.8472,0.28125,0.811111,49906,27677
13.7096,1.33382,0.616667,0.0888889,18350,43189
15.2826,12.523,0.577083,0.116667,11073,33271
51.9088,5.91412,0.141667,0.222222,37923,29312
59.2678,4.166,0.205556,0.219444,1368,53035
14.68,15.4894,0.0916667,0.3,5859,50969
62.6651,13.3335,0.59375,0.433333,47983,13299
7.58963,7.46364,0.179167,0.136111,43463,9810
28.8163,4.76297,0.210417,0.308333,27509,41064
35.6474,1.02202,0.139583,0.105556,48718,2561
27.862,23.8569,0.266667,0.611111,45269,23511
39.5305,7.3563,0.895833,0.569444,41599,28584
53.406,17.6866,0.355556,0.397222,9289,31454
47.0432,1.19012,0.389583,0.11875,20615,13928
13.1816,4.41022,1.0,0.520833,40617,18017
64.8967,13.3536,1.0,0.325,43834,14695
37.5349,12.6683,0.572917,0.3,45030,44293
16.9042,21.4355,0.258333,0.341667,25420,15040
36.4163,22.2534,1.0,0.430556,5316,13084
28.9416,14.1275,1.0,0.222222,52761,22412
54.041,4.4321,0.355556,0.602083,15109,14847
45.7787,5.49656,0.455556,0.691667,31725,10777
5.97588,8.93903,0.14375,0.811111,43164,33842
19.3724,28.3789,1.0,0.984375,49832,24292
52.303,6.80191,0.219444,0.363889,831,34419
30.6468,20.0295,1.0,0.444444,21983,56622
24.9498,3.45824,0.639583,0.477778,26696,26123
57.0928,5.85803,0.297222,0.416667,32785,37072
17.1383,12.9945,0.229167,0.277778,20359,55543
60.9637,9.5118,0.05,0.1625,20770,1621
10.5791,13.7012,1.0,0.65,11367,37195
57.9334,19.507,0.852083,0.786111,27415,15212
33.8649,11.8934,0.16875,0.341667,24844,30296
13.7611,16.895,0.108333,0.30625,22717,36777
29.1941,11.5343,0.16875,0.486111,8111,54156
62.4147,2.77754,0.266667,0.0694444,37143,29952
54.7513,1.02858,1.0,0.711111,7864,17911
42.8098,7.78969,1.0,0.2,51930,2663
14.6921,14.4262,1.0,0.275,44575,26260
30.3909,0.820726,1.0,0.510417,16754,38666
27.1449,8.47342,0.16875,0.630556,55420,24063
46.1325,3.71431,0.0875,0.383333,14305,48128
3.14813,21.199,0.6,0.239583,27455,52123
17.463,7.22957,0.0333333,0.0805556,19264,48196
33.3711,7.17665,1.0,0.961111,7674,47935
33.6447,13.8559,0.366667,0.663889,47904,32913
22.5482,10.8609,0.610417,0.161111,26098,40638
15.1825,1.092,0.458333,0.1625,21315,48013
37.3964,10.6341,0.127083,0.561111,20708,44070
27.2011,3.43523,1.0,0.0444444,56997,57447
43.2922,16.1618,0.572917,0.452778,3595,42120
16.7335,12.8382,1.0,0.308333,47319,24565
3.04442,9.01186,1.0,0.258333,26838,47433
43.2877,16.7619,1.0,0.225,26512,15526
48.6522,14.4141,0.102083,0.569444,42646,29495
70.178,10.9742,0.355556,0.461111,57447,24183
58.134,17.6898,0.0833333,0.211111,32954,44812
53.6331,1.46557,1.0,0.163889,5688,22242
32.7101,15.1816,1.0,0.559375,14721,39681
36.2395,10.7859,0.352083,0.189583,29352,37272
75.9712,10.2125,1.0,0.163889,57237,3920
15.8359,12.7384,0.495833,0.655556,29296,45484
54.0734,12.0191,0.433333,0.678125,44292,9542
25.3483,15.9348,0.689583,1.0,23207,18169
6.19466,8.36999,0.110417,0.127778,40463,20829
23.4248,11.2428,0.854167,0.622222,15312,44831
75.6842,6.47087,0.30625,0.794444,17278,43644
36.5047,15.1585,1.0,0.835417,5827,10915
49.4311,10.8839,0.870833,0.675,27065,54606
35.7152,11.6952,0.204167,0.425,23929,34101
42.6312,16.0614,0.360417,0.81875,6557,37215
5.60923,16.8631,1.0,0.444444,30613,15960
53.7012,8.59036,0.336111,0.352778,19215,19947
5.42352,4.72662,0.983333,0.455556,29924,51044
40.1742,9.90044,0.16875,0.164583,23703,18240
21.3517,14.2407,1.0,0.333333,11735,8258
10.3374,3.70474,1.0,0.383333,15708,50290
25.7197,2.5923,1.0,0.275,37561,44934
42.0018,7.63012,0.897222,0.633333,19202,19225
49.0546,6.81312,1.0,0.0875,12653,9366
38.5775,7.54416,1.0,0.358333,55417,38399
31.0987,20.5857,1.0,0.661111,17589,175
21.6682,19.8766,0.2875,0.263889,29273,19944
40.3106,8.69561,0.447917,0.452778,43728,47841
1.46717,12.2089,0.591667,0.0583333,5335,39342
59.5012,15.5902,0.958333,0.663889,51943,46454
38.6336,16.3751,0.308333,0.0645833,49920,16796
18.2264,1.71003,1.0,0.716667,53122,13080
6.29397,12.3531,0.275,0.513889,1197,3902
46.4349,9.90668,1.0,0.4375,56826,14989
64.1367,16.2145,0.88125,0.238889,9350,57567
20.9534,22.4429,0.958333,0.353125,1461,19246
23.4733,3.38121,1.0,0.18125,53354,55963
28.7673,12.4165,0.383333,0.211111,46569,27156
17.0621,2.03065,0.69375,0.416667,18190,10315
47.2686,9.74568,0.0875,0.2125,46341,15808
53.3071,7.08742,0.65,0.466667,24802,31868
26.9682,16.2951,0.264583,0.785417,14156,203
58.3001,8.61698,0.727083,0.0916667,32738,14535
8.77966,11.0508,0.183333,0.377778,5431,41756
24.163,12.5883,0.94375,0.43125,13561,41420
33.4772,17.2529,1.0,0.502778,8101,10526
55.6308,3.13205,0.0645833,0.172222,50385,5042
6.17956,3.71338,0.114583,0.275,55760,5541
9.42813,0.237614,1.0,0.202778,24474,31458
49.803,17.6372,0.680556,0.566667,34638,18784
42.1548,3.01243,0.13125,0.552778,22102,48623
1.62563,10.7317,0.914583,0.214583,56479,40892
54.1322,12.1513,0.311111,0.25,15722,32200
48.0853,10.4272,0.16875,0.177778,7061,13556
8.46591,2.50727,0.270833,0.229167,48873,31541
43.5373,10.3334,1.0,0.280556,54932,10444
18.9194,13.3072,1.0,0.0861111,42580,36887
15.7248,2.03814,1.0,0.402778,9804,25438
72.0533,18.2121,0.29375,0.161111,49417,37045
9.68817,12.043,0.464583,0.663889,44854,38731
8.55254,9.9977,0.1,0.569444,9783,51314
42.4363,7.07086,0.991667,0.45,5290,239
4.06693,3.31341,0.8375,0.566667,44502,46912
42.1517,11.7496,0.45625,0.191667,11155,30769
29.3423,13.1804,0.179167,0.475,37515,29962
11.9959,4.49098,1.0,0.105556,25493,57434
3.95779,18.7421,0.372917,0.620833,12539,36964
39.4425,21.5179,0.270833,0.539583,54967,7541
30.8109,12.3284,0.0604167,0.14375,741,28291
10.8444,10.236,0.991667,0.219444,4793,2786
11.4053,8.93811,0.0895833,0.377778,7704,48183
80.8036,28.0654,1.0,0.0833333,50740,30053
36.1666,17.5891,1.0,0.338889,41846,52171
58.5281,6.61362,0.997917,0.161111,57284,44207
36.9168,7.6862,1.0,0.5375,54877,6248
50.047,9.45104,1.0,0.697222,26123,55241
18.6773,2.65951,0.0604167,0.763889,12326,41605
55.3238,9.06705,0.204167,0.145833,46344,16244
41.0419,10.3478,0.0375,0.366667,32047,50090
25.9995,5.34065,0.880556,0.584375,29384,52878
26.8268,3.97945,1.0,0.734375,3050,56845
11.0305,11.5717,0.15,0.889583,32740,18785
25.3844,27.7944,0.547222,0.0604167,52968,21814
9.97047,16.049,0.325,0.508333,33970,36869
40.8636,12.7589,0.327083,0.330556,23657,23519
57.1952,11.2094,0.74375,0.141667,12750,41301
2.16331,6.65728,0.897917,0.358333,16771,13074
14.8126,16.3707,0.1375,0.222222,11384,32443
18.2887,1.8527,0.241667,0.975,52653,53864
8.06636,11.4538,0.135417,0.352083,43270,54131
12.8086,19.0572,0.2125,0.127778,1256,20308
27.9589,11.607,0.825,0.477778,10932,11741
31.9654,13.1869,0.170833,0.355556,6280,31605
11.8041,6.31419,0.372222,0.411111,14191,31573
3.48834,11.2029,0.0770833,0.111111,19809,45529
64.9763,19.5564,0.363889,0.546875,34959,1825
28.9178,5.61247,0.116667,0.405556,11027,16235
9.3129,9.3292,0.246875,0.166667,143,46929
56.7459,3.01832,0.733333,0.3,44158,22026
15.8709,12.2516,1.0,0.2125,28197,22444
33.5662,5.72909,1.0,1.0,22442,29348
55.538,9.53158,0.31875,0.0777778,27215,1598
35.3593,13.9776,0.04375,0.341667,30038,26545
54.5439,11.553,0.983333,0.05,5282,39358
38.2039,11.3941,0.0770833,0.411111,24154,53943
7.70216,16.824,0.147917,0.105556,24550,46047
47.4897,17.4678,0.275,0.614583,23722,25004
6.74247,17.7468,0.591667,0.460417,12462,38824
7.79721,20.0079,0.210417,0.280556,52838,24807
16.4923,6.60509,0.81875,0.311111,25813,56371
9.07296,15.6328,0.108333,0.216667,26055,11716
48.835,11.4919,0.555556,0.603125,23546,12756
37.0595,9.2979,1.0,0.513889,20722,34695
36.1589,16.8389,0.186111,0.222222,14879,14868
49.3639,16.4644,0.229167,0.258333,13736,4824
16.5933,2.11392,0.483333,0.35625,57290,6508
59.1912,22.7171,1.0,0.447222,1136,15450
6.9056,10.3493,0.19375,0.377083,36357,49712
11.4351,11.9928,0.897917,1.0,42759,19466
43.7669,4.32768,0.161111,0.122917,50779,40605
33.3674,4.15721,0.988889,0.0895833,14043,43849
27.0885,15.521,0.458333,0.302778,10518,45406
26.5149,11.2988,1.0,0.2375,40201,11246
37.5091,7.00938,0.652083,0.252083,8474,5400
60.3128,9.76269,0.254167,1.0,37835,5314
73.5366,7.96668,0.413889,0.241667,47943,10355
43.7222,15.6128,0.194444,0.597222,4833,35475
56.4003,14.3549,0.963889,0.10625,45001,43772
47.4471,11.8339,1.0,0.255556,44384,7893
19.7783,13.0799,0.285417,0.283333,47796,39624
5.46138,5.83195,0.322917,0.152778,15077,24512
43.9134,18.0672,1.0,0.075,12942,19864
51.8069,12.2561,0.0958333,0.380556,48471,28779
15.2822,20.1747,1.0,0.58125,654,32610
7.28004,8.18735,0.416667,0.222222,56340,45288
29.1002,10.7036,1.0,0.383333,44968,13956
17.7892,15.9837,0.20625,0.99375,30717,48449
40.2315,21.2492,0.166667,0.372222,6788,40043
56.0909,10.1851,0.503125,0.20625,38338,45407
22.1828,4.19757,0.941667,0.141667,31954,55050
37.9632,6.27869,0.389583,0.188889,12138,15062
32.3713,10.5442,0.7125,0.333333,35280,19909
19.0436,13.3484,0.0625,0.302778,21405,4549
29.6455,0.868821,0.522917,0.0555556,50388,37763
49.6941,5.46331,0.286111,0.622222,10377,6834
18.7535,9.72494,0.31875,0.441667,34733,2863
39.1814,1.87896,1.0,0.0611111,20830,30359
69.3247,10.7247,0.179167,0.0416667,29333,49962
36.8543,6.25459,0.9,0.472222,20498,37774
51.158,2.90243,0.0770833,0.458333,42496,33920
3.57261,8.13204,0.219444,0.405556,51253,36032
21.2874,9.10562,0.733333,0.436111,24614,39341
18.0982,6.747,0.436111,0.991667,3643,46229
34.1754,13.7482,0.591667,0.269444,2160,17653
37.465,12.2699,1.0,0.252778,52793,44910
50.381,14.0031,0.766667,0.452778,57165,10501
27.4778,6.23569,0.222917,0.236111,39508,37304
52.5511,5.41207,0.125,0.183333,25284,26985
53.8234,5.43943,0.552778,0.438889,32048,56962
43.2932,3.91099,0.208333,0.484375,45844,11263
52.5837,1.54622,1.0,0.330556,49439,18764
47.0026,17.7883,0.647222,0.488889,4020,14680
61.0374,10.4567,1.0,0.93125,40239,10793
28.5731,12.6305,0.93125,0.772917,18254,50483
51.236,17.4877,1.0,0.213889,36060,42771
42.2461,11.4002,1.0,0.179167,37550,19950
40.5119,3.53545,0.577083,0.496875,10884,42694
26.6163,8.40241,0.34375,0.320833,47297,32265
15.0837,10.4153,0.1,0.233333,25884,18394
17.4961,8.78276,0.18125,0.110417,54909,22398
28.9162,19.5513,0.191667,0.04375,22554,49431
47.7209,15.2273,0.455556,0.302778,6525,8375
33.645,16.997,1.0,0.5875,37544,54773
75.8455,13.1891,0.439583,0.15,25818,48386
55.8876,3.05328,0.35,0.313889,33399,46649
37.6254,8.73598,0.08125,0.2125,19619,7217
32.3049,21.3205,1.0,0.120833,26935,11516
91.1829,28.1222,0.944444,0.547917,47600,30224
38.6994,7.24264,0.475,0.239583,39339,24329
12.4038,16.2871,0.280556,0.43125,4029,19559
35.1751,12.7288,0.304167,0.372222,53246,3193
57.6328,1.61939,0.1625,0.684375,50633,12296
12.469,13.3537,1.0,0.720833,36284,49800
41.0156,4.40138,0.71875,0.665625,8214,46953
20.8841,6.22238,0.3,0.841667,18592,33285
25.6081,14.5332,0.329167,0.572222,40745,26038
52.5974,1.03685,0.0854167,0.0770833,6751,9159
38.0245,13.3824,0.1,0.252778,13753,39292
47.9435,2.78781,0.7125,0.733333,49253,25979
23.0808,0.575589,0.705556,0.227778,17686,7043
32.7366,12.8339,0.197222,0.288889,23619,54875
20.2858,15.7536,0.320833,0.486111,34952,4436
21.4534,7.57445,0.129167,0.277778,51901,14263
16.9416,18.7573,0.05625,0.4,46762,7246
27.3548,11.8316,1.0,0.241667,28478,32266
12.0352,18.2383,0.172917,0.216667,6071,39538
38.0734,7.64849,1.0,0.0833333,40325,38509
36.0577,0.284037,0.866667,0.334375,1110,49159
34.1513,8.21519,1.0,0.16875,9372,41250
17.794,7.52625,0.435417,0.547222,56886,17080
8.71383,14.1581,1.0,0.752778,36290,10397
21.2333,10.0287,0.13125,0.672917,36986,18506
34.8294,3.61035,0.258333,0.95,15583,6026
50.0182,8.53224,0.266667,0.194444,23443,942
8.10528,7.63007,0.325,0.415625,45575,25807
41.1524,8.34934,1.0,0.513889,14026,34648
40.4037,9.77379,0.279167,0.11875,9422,26078
40.2524,2.18519,0.972222,0.195833,34301,24220
15.3023,2.30382,0.7,0.636111,35050,57453
10.1854,17.3039,0.0833333,0.53125,28171,4544
33.7995,0.911104,0.0583333,0.691667,10720,56177
39.6942,16.946,1.0,0.96875,54515,19386
38.7738,12.1416,0.733333,0.305556,48611,9081
11.4499,11.1711,0.208333,0.469444,46069,2504
23.2502,8.39297,1.0,0.105556,45023,25976
41.5431,2.81339,0.947222,0.863889,35869,17799
28.1115,14.1475,0.241667,0.11875,35412,11683
50.9978,12.9408,0.683333,0.165625,44495,31359
31.3971,2.84349,0.15,0.502083,6846,46625
29.0941,0.201486,0.829167,0.669444,22932,31154
15.0581,10.1317,0.158333,1.0,3912,50678
76.6302,7.35405,0.964583,0.822222,2935,54485
4.43018,15.949,0.1375,0.636111,1992,27895
32.8759,11.4782,0.4375,0.347222,15534,7832
32.3933,8.10321,0.333333,0.995833,3201,34670
23.4296,15.7833,0.811111,0.247222,44378,17824
70.3206,16.5313,0.264583,0.115625,46577,40305
41.8617,22.6445,0.620833,0.74375,30417,14398
65.2613,16.2355,0.516667,0.211111,18426,32556
16.1299,4.52701,0.266667,0.419444,36448,27256
56.4711,18.2988,0.116667,0.220833,16538,35171
48.313,5.57126,0.152083,0.441667,48976,47124
51.8269,7.82519,0.797917,0.691667,15893,42465
16.2919,14.848,1.0,0.279167,24709,10663
43.5739,9.54281,0.202083,0.258333,2149,21106
43.0319,5.97703,1.0,1.0,1189,6030
47.0535,4.17052,0.972222,0.555556,32715,43065
33.4913,1.16238,0.460417,0.722222,31826,19376
35.7026,20.2721,0.177778,0.764583,41531,6126
52.6248,15.7052,0.991667,0.305556,41788,3114
28.1502,19.0163,1.0,0.294444,14040,36194
43.8078,11.072,0.70625,0.675,30040,24506
37.9681,12.8529,0.354167,0.375,590,24159
36.4364,13.8736,0.260417,0.960417,20901,23798
34.136,9.609,0.425,0.288889,53344,7387
14.7244,13.7549,1.0,0.620833,39555,57397
11.9125,2.409,0.13125,0.358333,40191,57488
36.2395,12.9075,0.125,0.0555556,46084,2808
30.5736,21.943,0.63125,0.35625,51286,14973
41.178,17.3533,0.214583,0.0666667,523,3236
14.5095,13.9383,0.220833,0.23125,28018,16032
79.4976,1.8686,1.0,0.68125,5131,42226
20.7053,15.8589,0.291667,0.194444,56894,42103
50.1599,2.04688,0.354167,0.375,7683,16278
16.4513,8.6775,1.0,0.611111,9468,51381
58.713,10.7083,0.413889,0.34375,34499,17695
11.6593,5.15423,0.536111,0.594444,12583,11241
28.8709,9.23906,0.188889,0.461111,54590,19154
37.1448,9.55606,0.116667,0.288889,42816,54118
46.2515,14.686,1.0,0.411111,13722,14162
25.0707,15.2737,0.295833,0.555556,50955,10126
30.4138,1.83278,0.452083,0.175,36925,39673
84.943,8.94293,1.0,0.6,29894,2191
52.4436,4.26603,0.854167,0.35,34135,32097
24.3735,12.4865,0.883333,0.36875,20580,32326
9.10286,15.5525,0.0888889,0.263889,25672,2564
27.9929,9.92517,0.345833,0.313889,27325,57490
27.7575,9.05039,1.0,0.422222,730,8476
49.6788,8.15093,1.0,0.577778,27463,57497
9.1711,19.7035,0.661111,0.363889,21855,33144
12.3498,18.3204,0.9375,0.738889,45194,25057
41.3583,11.7965,1.0,0.177083,50582,13169
54.9949,3.28053,0.241667,0.297222,30881,29311
8.47049,5.23971,0.364583,0.319444,53162,54691
15.3573,0.927295,0.494444,0.197222,29115,45568
65.5976,21.1484,0.179167,0.741667,9680,48216
30.4332,18.1711,1.0,0.547222,45367,46829
27.5926,13.3646,0.280556,0.610417,15023,30292
38.5896,15.6741,0.166667,0.595833,32352,23134
36.4708,5.20065,0.0888889,0.102778,4900,16553
47.6406,3.23975,0.930556,0.945833,45948,39564
7.07016,11.563,0.127083,0.24375,22030,3284
58.1617,9.73003,0.135417,0.920833,25172,7789
5.43595,18.9425,0.235417,0.308333,32249,14320
54.9406,19.2597,0.788889,0.491667,48933,39011
23.383,18.8956,0.0645833,0.3625,27447,15028
4.08442,9.32771,0.3375,0.1,20625,32215
50.9014,12.0153,1.0,0.725,17459,57086
33.1519,10.9703,0.50625,0.0694444,34468,54385
11.0716,19.2903,0.04375,0.233333,38469,23538
26.7952,5.02923,0.477778,0.927778,27095,45799
39.436,4.22214,1.0,0.280556,38592,12911
24.267,2.66782,0.41875,0.26875,12523,19934
27.0289,22.9007,1.0,0.713889,42642,20477
65.5281,11.478,0.404167,0.558333,56480,32448
30.7041,17.1049,0.525,0.425,36195,51128
13.6953,7.7774,0.2875,0.0805556,32167,33175
78.9403,14.9376,1.0,0.0583333,23111,40347
21.8387,15.8033,1.0,0.583333,37132,39031
42.8486,2.78733,1.0,0.213889,21126,29563
34.8311,3.87923,0.44375,0.313889,14547,3825
3.54479,14.8178,0.379167,0.555556,36424,47201
75.2183,14.571,0.90625,0.369444,20415,41563
32.7965,13.5227,1.0,0.191667,33057,54402
41.5616,13.4813,1.0,0.563889,18041,39917
65.4119,6.68559,0.244444,0.546875,16279,31406
60.1611,6.08279,0.172917,0.513889,15650,3743
14.8061,3.89063,0.0854167,0.552778,27937,48616
86.5137,6.4626,0.0777778,0.935417,5654,55700
28.0998,5.57984,0.113889,0.208333,42919,5700
22.3567,10.9138,1.0,0.125,16649,27827
15.8436,2.04393,0.295833,0.183333,10895,33151
10.7386,1.02692,0.141667,0.158333,51959,39100
43.2733,10.5687,0.311111,0.391667,27728,8005
42.3309,17.2482,0.295833,0.2,22451,4197
25.0421,5.937,1.0,0.55625,29380,20927
71.1664,2.22913,0.158333,0.771875,35672,14338
14.4604,10.5175,0.166667,0.6375,13486,18683
31.5174,5.34274,0.102778,0.0777778,3489,13731
13.3084,4.9286,1.0,0.158333,55382,37887
18.9824,15.0072,0.585417,0.247222,31525,42089
53.6059,14.9481,0.325,0.316667,26287,26426
44.7852,2.54955,0.241667,0.186111,5348,44487
11.0683,11.91,0.585417,0.358333,46768,11609
45.854,13.193,1.0,0.15,56547,738
47.0336,17.7036,1.0,0.775,29016,43980
55.5135,10.2701,0.133333,0.663889,54407,27694
59.6949,4.51555,1.0,0.227778,16217,6717
50.814,2.28836,0.735417,0.16875,48548,54265
7.82461,23.4336,1.0,0.461111,44535,34122
12.3861,4.89603,1.0,0.375,2375,53085
18.5724,13.2208,1.0,0.186111,52168,24980
39.6567,9.1119,1.0,0.255556,34020,34146
53.9631,6.18719,0.114583,0.391667,2061,40854
38.2283,17.7003,0.177083,0.572222,22215,28390
3.51495,2.57415,0.09375,0.3625,12502,25737
0.71429,17.5598,0.0520833,0.122917,37910,1822
62.0699,2.76045,0.8,0.258333,21834,1360
60.9234,9.12387,1.0,0.504167,961,45003
29.1078,7.21784,0.0625,0.285417,54291,27283
42.3959,18.0738,0.652083,0.30625,44332,48964
21.1336,9.27534,0.0458333,0.636111,46319,30914
40.8482,18.3231,0.3875,0.335417,43748,23346
16.7274,10.2866,0.579167,0.96875,9166,22565
8.98581,5.89472,1.0,0.35,19520,6607
18.9881,17.1726,0.141667,0.438889,10538,1763
29.2477,18.982,0.558333,0.180556,7605,53923
8.49205,10.5545,0.758333,0.638889,47946,11398
27.4726,12.267,0.9875,0.136111,40190,51615
37.7219,5.94545,0.8375,0.65625,7964,8314
80.0438,13.2588,0.591667,0.552083,7851,54579
32.0127,11.9103,0.075,0.230556,57330,20221
50.9298,1.59929,0.25,0.383333,24677,31695
24.8617,1.00418,0.352083,0.216667,51396,12241
40.0,18.8519,1.0,0.852778,5889,50247
34.2627,7.22245,0.411111,0.163889,44349,45804
7.79015,12.1799,0.845833,1.0,45352,11568
69.1115,18.8403,1.0,0.758333,6421,2820
36.2398,8.99304,1.0,0.383333,45027,39922
30.932,8.20575,0.183333,0.0979167,23233,50591
35.7969,9.51972,1.0,0.152083,17054,55444
67.3774,0.498147,0.354167,0.2625,54734,31075
42.4412,12.9988,0.152778,0.1375,14609,45275
34.55,4.20972,0.172917,0.30625,45009,12339
30.7719,6.79126,1.0,0.111111,27307,19455
10.3083,4.81872,1.0,0.466667,6742,54613
39.1736,8.89508,0.204167,0.402083,40923,8359
41.9058,12.8505,0.433333,0.14375,24021,54797
16.3924,2.81286,1.0,0.780556,2299,42712
23.2363,4.93257,0.25625,0.136111,3438,48209
35.0264,14.864,0.622917,0.475,55041,17306
13.2751,6.84408,0.595833,0.616667,13331,36795
10.0223,7.15682,0.7625,0.19375,31071,48701
49.1193,11.4256,0.145833,0.73125,16421,11251
11.0505,13.7802,1.0,0.136111,16464,54717
50.7032,16.916,0.15625,0.0944444,16989,6096
15.3116,5.29459,0.222222,0.508333,44320,48417
17.8573,13.3065,0.16875,0.858333,4590,35786
42.6267,5.46298,0.527083,0.194444,5786,33432
13.8963,11.5913,0.989583,0.252778,671,37262
7.59429,3.29922,0.452083,0.454167,17660,284
15.5114,14.0421,0.529167,0.163889,54100,10222
17.4588,12.9869,0.986111,0.0777778,36118,34698
24.7261,21.146,0.945833,0.06875,26616,19131
23.5919,17.9647,0.0875,0.472222,34437,13311
48.0161,12.4855,0.25,0.308333,53227,26562
29.0492,4.66788,0.05,0.272222,32806,44300
30.5575,8.51293,0.164583,0.533333,24513,1518
18.1102,5.7176,0.391667,0.655556,3843,55840
6.88915,11.69,0.629167,0.195833,31485,54667
7.92436,5.3437,0.0979167,0.158333,38310,53262
42.7334,10.6989,0.125,0.45625,38168,26632
36.6479,18.535,0.569444,0.23125,24745,13883
61.3095,24.349,0.214583,0.780556,5919,42052
26.0412,5.443,0.0625,0.266667,9238,57232
20.9645,4.99251,0.195833,0.0638889,14519,18712
22.0118,5.6793,1.0,0.371875,28884,54002
54.6206,6.06819,0.83125,0.686111,25331,3128
44.8234,8.80971,0.155556,0.104167,57101,4431
28.614,1.57893,0.239583,0.525,21114,34043
41.3952,17.4807,0.20625,0.577083,21009,54946
44.7729,14.4821,0.35625,0.877778,6226,28290
26.8425,12.8138,1.0,0.297222,12397,5674
5.89125,2.98828,0.780556,0.321875,46973,55398
43.7961,0.00881692,0.133333,0.869444,12920,4684
13.5382,6.11488,0.547222,0.211111,34760,16345
3.40915,10.9996,1.0,1.0,32626,28536
35.2669,16.1766,0.0895833,0.489583,3312,20422
24.6901,10.1368,0.991667,0.0861111,15048,17371
51.6831,15.5369,0.25625,0.525,12184,17656
49.7389,14.5324,0.213889,0.5,26232,39486
15.8278,18.9367,0.660417,0.0777778,40061,37444
19.1544,12.7058,0.6,0.455556,21143,48638
32.2502,10.0817,0.521875,0.160417,35182,32744
48.1876,15.1648,1.0,0.111111,951,1513
25.5218,4.3869,1.0,0.197222,17461,45499
20.547,14.5433,1.0,0.352778,19009,7807
44.2615,11.4041,0.141667,0.35,4914,53936
25.47,5.8583,1.0,0.741667,7466,25717
73.2662,8.55092,1.0,0.213889,2489,3444
47.6625,11.6562,0.938889,0.305556,51592,20476
25.3604,24.434,0.445833,0.422222,38303,44389
4.20134,5.28479,1.0,0.255556,50958,11671
46.5594,4.6494,0.0645833,0.15,26498,54482
17.8016,8.21393,0.839583,0.186111,622,19050
23.1645,2.05842,1.0,0.26875,31406,49111
20.3015,10.1811,1.0,0.4,11259,23990
30.0445,4.15389,0.139583,0.119444,44268,3999
31.6671,12.0923,0.908333,0.152083,4740,41345
16.9731,6.93266,0.0541667,0.435417,7124,22032
43.8408,15.2687,0.127778,0.36875,15449,46604
32.698,12.5511,0.475,0.719444,24331,26698
28.5133,1.36833,0.202083,0.225,14576,47767
68.5293,0.0155952,0.241667,0.14375,45652,34378
65.9712,15.2014,0.363889,0.241667,11249,31386
20.6636,6.01651,1.0,0.0791667,38454,40081
20.6659,21.7588,0.233333,0.169444,43850,55397
11.7365,7.19739,0.425,0.347917,25233,16360
5.14065,8.13841,0.5,0.152778,43323,6006
27.0402,5.08008,0.272222,0.155556,32529,28603
59.442,1.48728,1.0,0.136111,40057,17034
42.3246,17.8547,1.0,0.533333,7645,42042
60.6938,12.046,0.995833,0.1875,45115,16558
24.6106,3.33524,0.925,0.177778,37794,7784
41.0552,4.59369,0.104167,0.0388889,10609,55799
71.2005,7.62154,1.0,0.705556,49939,47464
52.4652,14.7603,0.0854167,0.278125,11577,49473
40.9403,14.6268,1.0,0.596875,22523,52186
16.0489,19.9865,0.0395833,0.591667,27848,10517
10.1251,17.2739,1.0,0.552778,36471,29524
48.9537,5.00895,0.652083,0.0694444,57376,40512
52.7642,5.97096,0.291667,0.0861111,43082,35289
41.9885,8.84314,0.8125,0.320833,29667,45565
39.541,4.90456,0.219444,0.130556,48940,44043
57.4606,6.75555,0.93125,0.422222,57365,3952
47.2595,9.98332,0.916667,0.633333,99,43186
70.474,8.00328,0.0458333,0.325,32413,48705
46.9629,6.01524,0.519444,0.277778,52441,41684
50.3084,2.15547,0.141667,0.554167,29927,41828
20.5322,10.4173,1.0,0.285417,15268,56121
42.7831,7.98463,0.6875,0.0854167,5289,54742
31.6139,10.2426,0.33125,0.102083,25997,15305
55.934,6.34853,1.0,0.25625,8891,48875
20.4507,4.12749,0.2125,0.272222,9291,9254
20.0854,1.84715,0.51875,0.441667,32840,34652
17.8598,14.5019,1.0,0.189583,34930,1828
25.7286,1.68152,0.895833,0.186111,18151,9769
15.2314,0.66805,0.247222,0.04375,49318,20677
80.322,8.72711,0.275,0.33125,22082,3921
30.3131,20.7577,0.308333,0.45625,24204,12910
38.7187,3.82347,1.0,0.661111,19832,26883
11.7843,3.90762,0.579167,0.11875,33120,40849
1.35073,2.36912,0.1375,0.525,21678,44437
25.6216,19.468,0.195833,0.2125,2084,20535
43.6099,8.76425,0.841667,0.672222,47925,49777
35.1214,3.988,1.0,0.141667,6798,15465
63.5128,12.5758,1.0,0.580556,45117,45498
9.86677,4.65643,0.210417,0.440625,21990,13535
22.6124,15.3614,0.789583,0.319444,134,33148
20.8356,13.6298,1.0,0.0555556,35605,44265
10.7718,17.4562,1.0,0.290625,20274,14726
32.7719,16.3001,0.370833,0.465625,52491,15762
26.6447,0.127661,0.302778,0.560417,44919,16119
27.8102,5.20051,0.641667,0.40625,9105,22831
55.6302,14.947,0.0375,0.302778,8544,33398
65.3248,9.23269,0.216667,0.40625,26740,14858
4.81162,20.1742,1.0,0.241667,26417,21665
50.0054,24.0506,1.0,0.0833333,33650,28759
38.715,5.65201,0.0875,0.311111,10961,51958
57.302,3.5764,0.585417,0.461111,41319,35254
54.9647,14.785,0.4875,0.371875,15247,53278
6.73315,11.079,1.0,0.341667,48022,35560
46.1674,1.20254,1.0,0.075,34812,39775
20.213,11.6908,0.527083,0.238889,7387,30934
27.0493,16.3425,1.0,0.394444,45970,6398
10.0486,16.4629,1.0,0.280556,13073,2970
27.9521,9.92264,0.26875,0.447222,8435,56741
10.2105,7.4742,1.0,0.283333,5540,38484
7.82827,16.7648,0.329167,0.3,8332,41565
47.3529,0.0716734,1.0,0.68125,50056,38107
12.3552,3.32139,0.522917,0.3625,34226,13544
32.6908,15.2818,0.191667,0.263889,10390,5016
53.3888,10.8073,0.275,0.51875,24116,47216
14.2018,16.8366,0.441667,0.238889,7924,53612
63.589,3.37257,0.604167,0.747222,29165,31790
9.51681,2.62876,0.286111,0.21875,32030,2566
45.0866,8.61382,0.73125,0.863889,52343,39737
45.7196,9.77184,0.10625,0.122917,9997,5144
9.21176,9.59097,0.20625,0.180556,6963,53404
4.81832,13.7905,0.902778,0.261111,34112,18234
58.1847,13.885,0.816667,0.119444,19946,42107
63.0491,5.3767,0.108333,1.0,54842,47361
45.1943,4.14446,1.0,0.102778,13143,27349
56.6663,11.9833,1.0,0.208333,8720,10855
71.2478,16.5627,0.658333,0.475,40058,26785
12.1335,13.2125,0.16875,0.313889,41447,30685
62.328,12.9412,0.0875,0.263889,53031,24239
10.9759,8.70193,1.0,0.955556,24626,54640
28.9673,10.3916,0.472222,0.075,26085,21065
37.084,15.2218,0.0833333,0.211111,3542,16990
56.376,16.4708,0.954167,0.383333,53549,42011
5.53563,7.92933,1.0,0.188889,15478,26532
22.5739,8.67128,0.2625,0.955556,52907,46438
19.2998,5.84534,0.269444,0.658333,32192,56835
43.0055,13.4236,1.0,0.766667,22113,19072
31.0726,21.1823,0.191667,0.569444,56407,20956
25.0891,26.2275,0.430556,0.816667,57191,35476
8.57969,5.68691,1.0,0.538889,5534,43349
38.6107,3.86748,0.2125,0.736111,55048,36968
16.9054,3.06374,0.347917,0.530556,53754,2472
20.7355,14.3455,0.145833,0.19375,52607,23126
18.2468,21.1066,0.579167,0.513889,38928,8790
26.0628,4.59851,0.235417,0.572917,36053,36387
6.96891,9.88929,0.0583333,0.319444,56075,37415
22.9378,21.0444,0.327778,0.113889,42674,42707
3.31426,14.8723,0.272222,0.480556,47868,44535
40.729,1.61573,0.530556,1.0,583,25356
17.9243,2.23574,1.0,0.508333,10980,24398
56.1321,11.7491,0.441667,0.275,36338,39295
30.1103,18.1959,0.897222,0.216667,40398,32348
42.4414,14.5334,0.583333,0.075,29705,40946
15.0623,10.5802,1.0,0.411111,13266,44607
13.2091,9.52602,1.0,0.120833,35879,57369
9.25912,2.87025,1.0,0.419444,39782,35969
33.257,4.79925,0.0666667,0.246875,42528,29016
65.0808,6.83597,0.258333,0.0888889,27786,51957
48.541,17.3245,1.0,0.0805556,42983,51008
9.62271,10.2003,0.61875,0.164583,22822,38997
38.1978,15.3393,1.0,0.369444,56975,19254
50.3305,14.46,1.0,0.341667,49534,38335
11.5412,15.2549,0.233333,0.244444,40643,38747
31.2168,6.29291,1.0,0.158333,19107,8555
10.0952,9.53711,0.455556,0.188889,30067,53610
37.1599,6.42466,0.366667,0.225,13106,31940
29.2581,9.88522,0.870833,0.747222,41664,46412
30.2354,1.32638,1.0,0.141667,24024,7818
35.4016,0.029974,0.419444,0.4875,35196,35420
24.2638,7.13558,0.797222,0.75,8607,36768
62.7112,16.4396,0.177778,0.283333,44904,28237
44.6632,5.98244,1.0,0.911111,32809,39569
54.1869,6.87508,1.0,0.288889,31192,40523
90.4347,7.3526,1.0,0.325,44543,15612
73.7696,12.402,0.733333,0.116667,55881,56322
28.6663,3.6738,1.0,0.669444,24665,1317
18.5361,18.6406,1.0,0.975,1662,30713
21.0541,16.4482,0.410417,0.308333,13926,37087
53.3865,17.9283,0.822222,0.411111,6781,44999
18.131,8.54498,0.0729167,0.509375,38937,47335
60.6461,16.7543,0.0729167,0.361111,43420,40780
29.9959,19.3516,0.0916667,0.405556,53483,36370
23.3491,11.0317,1.0,0.354167,11544,10917
19.0144,4.0734,0.727083,0.354167,52043,27280
17.0373,15.4881,0.922917,0.65,12052,40342
28.931,3.90078,0.8125,0.714583,42821,23640
45.6006,12.4216,0.366667,0.891667,44590,54594
22.2816,10.4601,0.1375,0.715625,40417,23281
65.9794,10.3819,0.445833,0.575,52528,39637
24.7876,19.2492,0.09375,0.636111,18141,50513
62.7155,3.71214,0.0666667,1.0,46350,35351
43.8627,13.7581,0.486111,0.544444,31584,40994
9.08808,8.99865,0.141667,0.3125,54021,51169
55.8976,19.1194,0.36875,0.180556,48609,54977
53.6567,13.4753,1.0,0.422917,43167,11406
42.1225,4.13237,0.363889,0.552778,31803,33927
30.5513,13.4277,1.0,0.3,43278,40478
61.9935,8.82284,1.0,0.597917,25692,1790
70.9974,1.84429,1.0,0.561111,13945,9005
43.9018,9.75844,0.858333,0.55,14093,11221
30.3668,11.2896,0.838889,0.15,13038,39331
37.034,10.2871,1.0,0.719444,8118,49517
33.3349,13.9052,0.727083,0.252778,17102,14450
25.6328,2.62362,0.197917,0.541667,51449,41482
32.3204,14.8586,0.597917,0.0666667,39434,297
6.23022,12.1676,1.0,0.3125,31793,13304
47.2407,15.5203,0.475,0.519444,45961,1549
48.1343,7.51227,0.0583333,0.416667,16044,14074
70.8171,2.37364,1.0,0.372917,40868,10959
29.3132,23.1975,0.227083,0.74375,32096,38165
58.0738,14.6855,0.444444,0.811111,39127,13857
72.2256,14.7853,0.025,0.0555556,3737,6680
53.1616,14.5385,0.325,1.0,54262,30655
24.7666,14.9228,0.272917,0.146875,46198,37152
49.2187,16.8947,0.611111,0.108333,9905,7610
1.6945,15.9255,0.358333,0.105556,3855,43462
26.6679,3.27986,1.0,0.28125,33256,36676
45.1161,2.71316,1.0,0.191667,31093,9137
65.9613,3.74145,0.3125,0.288889,34730,4359
6.8119,9.73854,0.139583,0.128125,56994,7557
28.7657,10.6772,0.127083,0.302778,33832,13113
15.9948,7.05022,0.1125,1.0,19420,11575
8.80693,8.1829,0.529167,0.0916667,5892,53926
46.0796,10.1404,0.677778,0.572222,29950,18657
15.2019,9.91986,0.904167,0.580556,42895,51301
44.3971,4.96179,1.0,0.394444,37579,25515
7.43612,5.44086,1.0,0.170833,30033,37605
23.6353,5.77972,1.0,1.0,12422,43090
18.604,3.45048,0.0916667,0.202778,21177,55596
55.3417,13.6507,0.195833,0.330556,19804,38879
10.1987,6.74686,0.0472222,0.225,19771,43298
32.7215,15.7955,0.861111,0.552778,56052,18884
40.3316,1.47917,0.504167,0.366667,23405,31552
27.1675,15.1084,1.0,0.810417,40352,36039
14.3545,16.2762,0.264583,0.472222,55393,23882
38.1025,17.4528,0.480556,0.161111,3188,37465
15.3975,10.8694,0.384375,0.679167,7639,4796
61.5535,6.74095,0.15,0.275,4628,54087
56.3621,24.3898,0.754167,0.422222,9172,1779
28.3597,12.2472,0.341667,0.204167,51933,57085
20.8083,9.89615,1.0,0.630556,94,17392
48.5952,6.17464,0.258333,0.189583,25264,18893
62.7699,13.1027,0.360417,0.238889,28,50435
16.0488,19.1201,1.0,0.122917,32323,54596
51.1072,2.51684,0.177083,0.0583333,28245,44667
24.5479,8.00351,0.941667,0.135417,8502,16779
11.1213,15.2541,0.19375,0.355556,36108,10300
44.9209,7.56059,0.425,0.194444,51735,53711
57.6344,12.2585,1.0,0.475,55387,6839
16.0209,17.0946,0.235417,0.21875,18718,43611
36.4565,8.78981,1.0,0.327778,24659,14030
12.8055,13.3467,0.147917,0.596875,56065,7900
15.0848,4.70037,1.0,0.141667,25989,22248
49.0835,0.656247,0.31875,0.55,46517,5693
23.129,7.64659,0.0520833,0.122222,54735,39720
42.0634,7.27403,0.86875,0.119444,29733,41167
72.9664,12.0076,0.325,0.45,26807,40910
31.0065,7.49378,1.0,0.327778,1857,27125
32.8667,13.7374,1.0,0.608333,37438,13531
39.4142,4.15763,0.947917,0.366667,24285,50761
8.53801,8.54044,0.275,0.0958333,20898,4731
22.8944,14.9979,1.0,0.15,36759,19538
12.0847,8.62654,0.319444,0.354167,7676,32493
30.6867,3.61584,0.595833,0.164583,36503,1736
56.2534,5.65379,0.945833,0.255556,16112,24598
54.3502,10.1594,1.0,0.477778,5940,23507
56.9882,8.34451,1.0,0.270833,16424,24187
0.183479,26.6302,0.08125,0.702778,5215,51683
30.0614,1.94213,0.65625,0.977778,9351,51531
90.9712,14.7255,0.264583,0.1125,46266,36971
36.2591,5.50023,0.26875,0.813889,41797,26752
25.3168,12.8981,0.222917,0.416667,8178,23299
29.3678,4.70604,0.277083,0.6,9320,28573
41.4245,22.6246,0.152083,0.369444,52445,31748
64.732,8.73264,0.13125,0.09375,28390,35195
35.5344,15.9316,0.710417,0.633333,139,6165
59.4687,12.5906,0.491667,0.280556,22494,2670
21.8523,21.2475,0.508333,0.178125,9324,25233
15.6107,7.86348,0.411111,0.394444,11090,18350
31.7033,10.7304,0.483333,0.729167,33352,54985
11.9225,2.13632,0.475,0.075,57382,56793
53.5975,8.65234,0.166667,1.0,46099,27906
25.5218,8.53186,0.320833,0.458333,15337,26967
26.4339,4.83017,0.172917,0.841667,36517,32885
22.8057,18.2562,1.0,0.153125,2758,48762
17.9541,8.44174,0.558333,0.341667,42513,56281
34.9452,14.5588,1.0,0.422222,26354,30105
72.5865,17.1205,1.0,0.154167,19333,39141
61.9164,9.14176,0.275,0.0895833,40466,16236
5.47783,2.04525,0.639583,0.63125,6506,1417
49.7242,2.51804,0.158333,0.258333,1147,17506
21.2773,27.4366,0.436111,0.0583333,48447,21220
47.7416,12.7658,0.11875,0.0861111,40424,53087
32.3204,4.84145,1.0,0.191667,29922,1053
94.4856,2.31371,1.0,0.116667,55708,26635
40.1549,19.2945,1.0,0.4,13908,16775
18.3748,1.34767,0.68125,0.233333,8830,15125
53.9452,0.0845535,0.183333,0.441667,33593,21685
37.3061,23.7007,0.854167,1.0,47138,26392
38.9456,10.5106,0.389583,0.230556,13547,10727
80.2308,10.0239,0.0708333,0.0770833,15100,55417
19.4354,17.6537,0.554167,0.904167,14919,20891
29.2269,8.59743,0.353125,0.15,34743,56696
27.653,11.4224,0.995833,0.0777778,37037,30498
57.1714,14.4379,0.15,0.516667,41031,33063
14.2933,20.7629,0.4125,0.316667,8125,54149
1.24137,21.4233,0.116667,0.560417,19691,32836
55.2501,13.687,0.120833,0.963889,25083,1560
17.912,3.29452,0.255556,0.463889,49492,46896
61.9229,6.46821,1.0,0.288889,3172,37629
44.6849,11.923,0.69375,0.536111,43726,48371
7.36204,3.40202,0.0479167,0.477778,54240,25013
11.5066,5.4658,0.725,0.119444,40658,23140
22.9199,2.90483,0.308333,0.480556,48320,54898
15.8877,8.18826,0.260417,0.458333,23310,26803
19.0209,8.56632,0.135417,0.625,24900,22325
61.9831,8.9647,0.320833,0.390625,7624,40339
48.0235,4.76351,0.497222,0.104167,16518,16233
15.1076,17.2053,0.216667,0.272222,46466,45628
23.0244,21.0414,0.0916667,0.241667,10323,24401
21.9562,13.0864,1.0,0.902778,140,3651
54.4539,18.3219,1.0,0.194444,30841,36947
10.764,9.20164,1.0,0.463889,51808,50220
38.1431,19.5195,0.2375,0.184375,25115,49087
46.2938,10.0185,1.0,0.25,53332,13972
53.2494,9.94774,0.508333,0.425,48195,31801
28.3561,21.4403,0.141667,0.858333,9187,12686
18.5502,1.72982,0.327778,0.34375,22444,47796
39.9079,4.59437,1.0,0.136111,52802,55043
57.8942,6.76229,0.616667,0.33125,3362,22327
67.8315,6.88437,1.0,0.322222,35778,6700
14.2747,4.25603,0.0520833,0.404167,41270,45959
7.17779,3.99765,0.641667,0.588889,13181,6133
28.3481,5.08903,0.770833,0.130556,50706,47062
39.4094,2.89844,1.0,0.172222,40783,11388
9.80382,11.4448,0.345833,0.233333,46292,51831
38.5741,5.74286,1.0,0.55,11688,52052
8.27252,15.9616,0.3125,0.358333,55552,12483
7.03864,14.3425,0.772917,0.411111,10723,1286
38.0886,7.69611,1.0,0.366667,53878,17016
49.2419,14.188,0.325,0.0361111,13010,39635
25.0927,11.0413,1.0,0.754167,33115,33189
36.3533,22.7991,0.247222,0.336111,54164,24026
26.1284,1.06138,1.0,0.55,49437,14122
47.8019,16.7104,1.0,0.466667,1084,35453
88.3184,12.5325,0.410417,0.455556,50411,3834
19.9367,19.026,0.297917,0.172917,54599,47110
43.5241,15.4097,0.163889,0.277778,17151,32145
41.4554,14.3287,0.122917,0.327778,39286,8386
23.7786,16.6894,1.0,0.469444,19013,11004
29.7067,14.5933,0.0625,0.661111,9243,48115
60.7763,5.33176,0.383333,1.0,23905,12984
44.5147,3.71735,1.0,0.769444,22179,34114
55.9557,8.9754,1.0,0.452778,45502,7624
60.5106,18.3268,0.833333,0.177083,7509,350
18.2015,11.3084,0.422222,0.225,33889,32815
14.5473,14.372,1.0,0.194444,44668,6121
29.1733,14.1458,0.59375,0.233333,44783,35239
23.2443,14.615,1.0,0.261111,23893,8013
26.9819,4.83314,0.43125,0.422917,8940,45648
36.0825,5.925,0.44375,0.947222,8954,33668
47.9586,18.8812,0.833333,0.138889,18494,3555
51.9118,4.00545,0.888889,0.194444,14922,45172
20.1144,2.575,0.20625,0.133333,52988,36394
36.2909,13.8345,0.0833333,0.469444,47081,32
23.8235,4.99859,0.575,0.186111,4337,46522
23.2485,18.2325,0.186111,0.708333,44277,8193
27.8194,17.6757,1.0,0.180556,41758,16970
52.5085,13.7729,0.145833,0.347222,44970,19781
40.5544,17.3603,0.922917,0.755556,32434,33094
27.5739,7.7844,0.589583,0.186111,20079,48320
56.584,16.0544,1.0,0.225,28456,5378
45.5372,12.3852,0.80625,0.466667,19302,33300
61.0607,4.49987,0.833333,0.141667,41533,27968
31.1428,5.19196,0.383333,0.429167,35895,13042
28.0561,31.4042,0.0583333,0.341667,36588,10473
67.3035,9.41077,0.365625,0.508333,31376,34325
11.4227,10.548,0.11875,0.583333,3483,51100
11.3787,1.83027,0.419444,0.191667,45831,9219
49.2647,14.1898,1.0,0.175,16109,13296
48.4161,13.6305,0.197917,0.258333,50269,34334
50.4065,7.11427,0.402083,0.94375,19337,48727
43.9125,15.1439,0.15,0.311111,46512,17128
22.8057,2.08655,0.141667,0.816667,43219,21871
38.9927,2.78387,0.172917,0.675,33046,35142
4.11188,15.3606,0.102083,0.133333,22828,22401
9.32696,14.9416,0.627083,0.853125,52071,52631
46.5247,13.2678,0.108333,0.216667,13795,34610
8.07919,9.96156,0.93125,0.5375,22235,33139
21.4322,2.72446,0.758333,0.438889,51095,38354
47.0907,7.89484,1.0,0.555556,43015,39118
12.3033,5.11133,0.25625,0.222222,12206,56399
57.4108,15.3014,0.327778,0.214583,42786,23544
81.7012,9.87244,0.197222,0.170833,52865,36068
54.4798,5.43714,0.104167,0.816667,30801,55737
24.9773,1.82187,0.225,0.15,56840,41889
32.4547,15.5373,0.327083,0.761111,7841,25154
33.7972,3.10534,0.133333,0.525,13299,56586
27.4912,8.75727,0.604167,0.125,9385,29024
22.8045,5.14548,0.53125,1.0,8617,32650
12.1529,1.06497,0.94375,1.0,14680,31510
3.63275,13.2269,0.208333,0.41875,29952,39985
6.72867,11.376,0.133333,0.3625,40854,43096
35.4873,9.09898,0.108333,0.227778,37804,28672
63.1091,15.6928,0.25625,0.736111,50547,53298
34.5889,13.8561,1.0,0.986111,7667,10544
24.2283,10.8847,0.0770833,0.341667,7884,19537
37.4257,16.4262,0.0541667,0.227083,12730,18938
48.5958,6.38497,0.0958333,0.945833,23211,3965
7.65679,6.47239,0.44375,0.177083,42240,1168
63.3036,5.08498,0.685417,0.0916667,10625,9964
74.1129,11.379,0.266667,0.486111,34647,44953
36.5336,11.4599,0.227778,0.766667,867,53442
6.19703,9.70881,0.05,1.0,56448,32000
41.1523,18.5876,0.233333,0.497222,415,47504
14.3377,1.17769,0.152083,0.627778,4443,33756
29.3716,3.68235,0.352083,0.0666667,24576,15653
33.4894,3.77597,0.464583,0.488889,40300,42063
20.4687,2.38013,0.191667,0.711111,45497,27561
46.7962,0.924097,1.0,0.61875,1501,5000
27.4581,18.7344,0.0958333,0.247222,1819,19184
15.2632,6.86552,0.0833333,0.15,41577,51479
37.9474,3.1119,0.210417,0.488889,27450,36930
69.7151,15.6528,0.116667,0.583333,16958,32129
12.4796,14.45,0.129167,0.15625,16957,33262
16.8244,4.87805,0.514583,0.358333,1774,27539
18.248,9.16223,0.166667,0.390625,38976,3961
13.6704,11.8167,0.335417,0.838889,19570,35135
17.4586,18.1667,0.15,0.430556,10864,13438
3.45098,11.7165,0.979167,0.427778,28671,22034
49.7029,4.32599,1.0,0.629167,12382,13896
61.3034,15.2193,0.20625,0.172222,55574,36262
53.3319,3.3258,0.452778,0.311111,30199,10058
55.0946,12.2547,1.0,0.641667,24018,1686
6.56806,8.78114,0.997222,0.244444,3287,6965
17.507,0.276428,0.1,0.680556,1120,608
20.2118,14.8718,0.05625,0.245833,31257,6135
61.106,10.8245,0.889583,0.127778,52726,56303
84.5518,16.6044,0.104167,0.5875,6653,2078
62.1593,17.1403,0.383333,0.572222,11139,29727
16.3749,14.983,0.816667,0.216667,51663,24900
54.0597,12.3032,0.130556,0.491667,44295,8801
27.5058,15.2411,0.241667,0.252083,6495,36770
44.1334,27.2176,0.0875,0.772917,25171,3587
7.14547,7.32736,1.0,0.334375,7368,40495
34.2845,14.6098,1.0,0.169444,5210,10375
49.1039,5.17971,0.09375,0.460417,36452,683
18.3028,14.8047,0.754167,0.633333,17831,11471
19.4522,13.5534,0.741667,0.35,24081,37452
44.8646,18.0091,0.177083,0.427778,56729,43814
36.5342,2.31937,0.1125,0.358333,34436,33745
52.1891,5.20454,0.983333,0.158333,3091,5879
25.5499,14.1708,1.0,0.347222,47281,13691
18.8123,12.2403,0.316667,0.491667,21427,31019
44.0168,8.82302,1.0,1.0,48279,9675
28.8499,19.3968,0.964583,0.63125,17215,37549
18.3345,2.14102,0.40625,0.56875,29178,35668
27.9761,16.2149,0.9625,0.975,15242,28545
17.7242,2.4776,0.0854167,0.652778,24389,22955
27.4168,3.44657,0.08125,0.305556,22310,48719
24.4185,12.4333,0.825,0.177778,36635,55634
50.3813,7.03694,1.0,0.591667,44907,1669
36.2938,11.3942,1.0,0.286111,19516,25165
17.9538,11.6386,0.302083,0.334375,47575,42245
17.6585,17.3934,0.229167,0.1375,34675,14671
42.3766,20.7278,0.0916667,0.2625,47369,33860
56.9658,10.3722,1.0,0.211111,31745,38540
67.3048,12.3597,0.0375,0.444444,14218,5247
62.771,15.996,1.0,0.102083,22624,5303
57.4885,13.5758,1.0,0.139583,15713,13764
19.5707,14.5606,1.0,0.377778,49378,9683
63.9967,16.1537,1.0,0.89375,41653,1622
22.9583,19.214,1.0,0.366667,49674,3951
28.5062,19.2963,0.441667,0.71875,51927,57436
59.9975,6.37892,1.0,0.852778,57038,54354
27.6468,6.68956,0.489583,0.0833333,55406,40942
18.7627,13.1958,0.270833,0.05,13633,10132
38.0676,3.14422,1.0,1.0,5608,37206
22.5418,9.99598,1.0,0.7,15012,29841
14.3086,18.7515,0.433333,0.889583,10178,33980
32.3961,16.1318,0.15,0.65,52617,6335
24.7569,9.93132,0.0916667,0.430556,1020,16102
28.5277,3.15241,1.0,0.344444,4026,51022
10.51,3.27904,1.0,0.352778,9580,5465
24.3723,25.7332,1.0,0.391667,43013,12054
64.6675,12.5687,0.169444,0.484375,42612,6647
8.75066,13.3446,0.408333,0.405556,52377,56679
7.14706,11.3603,0.0541667,0.2625,7180,53858
38.3906,9.81574,0.980556,0.46875,46898,29403
13.6235,17.0198,0.366667,0.188889,17758,38490
67.1424,13.2551,1.0,0.597917,15281,46018
24.8438,2.72817,1.0,0.194444,56701,26466
25.0546,11.0626,0.188889,0.186111,7594,41809
12.0326,16.5938,0.525,0.25625,10683,34279
36.3355,11.0974,0.76875,0.202778,12240,48878
43.2507,11.185,0.313889,0.258333,2113,30858
10.9628,6.08895,0.411111,0.170833,20735,48524
20.8095,2.5979,0.438889,0.413889,39349,28336
24.1379,3.71053,0.836111,1.0,13912,43999
51.5428,14.6535,0.185417,0.247222,6931,46818
36.5628,4.88875,0.0583333,0.133333,39544,8279
6.22529,14.0528,1.0,0.460417,19188,8574
52.4828,21.3775,0.219444,0.0979167,43114,24432
37.1009,20.8003,1.0,0.19375,2509,8732
43.0041,14.374,0.894444,0.610417,55395,10943
66.9901,16.442,0.995833,0.122222,31550,52
30.6346,21.3338,0.472222,0.844444,26712,49396
22.1006,5.89783,0.433333,0.375,4188,44595
15.3247,7.11267,0.6875,0.688889,4555,16008
44.3223,20.4052,0.06875,0.239583,8674,39478
3.21464,21.1071,0.386111,0.491667,37574,51471
53.4425,16.4351,0.486111,0.227778,41685,10497
18.7997,8.16753,0.597222,0.184375,13958,37482
25.3756,3.62471,0.18125,0.944444,41350,2263
17.2592,21.6615,0.24375,0.286111,32538,24948
56.8196,10.0171,0.175,0.238889,30102,21462
6.91484,8.94364,0.847917,0.558333,20076,57158
88.1122,10.8981,0.320833,0.310417,16328,17181
28.5144,15.042,0.330556,0.311111,22203,38210
11.1907,4.72265,0.320833,0.23125,1397,25875
16.2076,16.3948,0.49375,0.302778,12528,3703
24.4517,18.109,0.0833333,0.302083,16427,37703
31.7107,10.9381,0.264583,0.210417,57008,50407
24.1692,18.2861,0.591667,0.352083,54837,45536
43.1687,9.39366,0.769444,0.446875,43822,10047
33.0227,8.60116,0.385417,0.0833333,56995,22675
19.8489,8.47927,1.0,0.666667,12819,1047
18.1495,21.4798,1.0,0.9625,27639,16880
43.7173,13.1785,0.197917,0.177778,1035,40416
5.3918,14.8739,0.116667,0.641667,36898,4996
6.80462,12.7526,1.0,0.644444,1045,3775
10.5902,21.8844,1.0,0.2,1373,25813
47.4536,20.4359,1.0,0.758333,8414,46011
42.1713,18.9634,0.497222,0.40625,47949,56575
18.7504,19.0145,0.663889,0.152778,46964,26666
28.1312,23.4715,1.0,0.527778,35038,42394
47.4072,10.5511,0.338889,0.191667,30129,13582
18.5666,5.21625,0.552083,0.866667,40914,4966
71.2763,10.0315,1.0,0.205556,38130,48572
44.1861,11.7292,0.583333,0.388889,43956,32002
16.3156,9.32262,1.0,0.135417,25205,5138
26.1991,14.6912,0.85625,0.261111,14781,40270
9.15676,13.0581,0.252778,0.222222,3473,39563
58.788,12.9947,0.230556,0.413889,30486,56314
44.4576,13.6287,0.99375,0.816667,48750,10157
55.5865,14.6758,1.0,0.63125,1802,48910
23.5044,16.6525,0.09375,0.125,48688,32714
33.807,1.12316,1.0,0.75625,29525,10096
3.51783,6.33813,0.275,0.270833,8735,7487
26.4313,10.837,0.997222,0.275,18189,49166
19.9267,1.93643,0.870833,0.41875,1519,5119
58.7349,12.702,1.0,0.7,24615,56948
11.3618,0.942847,0.458333,0.636111,6080,22257
36.5071,13.3278,0.566667,0.580556,49577,53097
21.1882,19.3736,0.458333,0.45,45338,6949
71.1931,12.1766,1.0,0.380556,55839,20302
64.4683,16.6928,1.0,0.227778,56608,47584
39.5606,18.7044,0.177083,0.383333,37790,12902
71.1379,18.1496,0.266667,0.133333,31813,18854
10.2072,13.0593,0.722917,0.277083,53641,35760
44.9965,1.7718,0.341667,0.597222,9376,14276
37.1316,14.482,1.0,0.494444,44203,3449
23.3434,9.57714,1.0,0.127778,52097,17937
2.65351,9.14066,0.354167,0.70625,6192,55897
46.2054,1.06663,0.71875,0.172917,28089,1729
52.7438,11.0757,1.0,0.158333,30273,1576
41.2449,16.2436,0.997917,1.0,16721,12323
34.602,7.75713,0.5125,0.305556,54712,32428
57.738,12.8098,0.285417,0.952083,48550,43566
27.8689,3.16949,0.497222,0.0972222,55504,32910
34.6112,16.1733,1.0,0.116667,14737,48323
17.1168,10.9503,0.85,0.108333,55426,41912
53.5713,22.5672,1.0,0.966667,26432,27021
19.1814,8.44917,1.0,0.888889,41191,23057
19.5139,8.42295,0.158333,0.255556,23877,31267
46.6209,18.3392,0.652083,1.0,26340,14292
26.36,13.5887,1.0,0.977778,9424,12212
45.9983,13.4994,0.572917,0.222917,7374,33255
51.0769,0.867339,0.6625,0.713889,48118,52794
19.3334,24.3458,0.491667,0.4625,30832,2087
31.1647,2.9833,0.145833,0.238889,54345,36556
45.1831,3.15747,0.175,0.80625,30549,25800
28.0302,13.864,0.525,0.375,45759,31922
71.3025,8.12487,0.120833,0.808333,49231,20057
12.5479,13.0512,0.909375,0.277778,19378,48922
35.9296,2.49612,0.28125,1.0,24902,22238
57.1538,25.2957,1.0,0.316667,57532,48279
57.1871,1.60186,0.0625,0.183333,3082,48924
61.7606,9.04139,0.4375,0.404167,36222,8903
19.3966,15.3164,0.197917,0.283333,41349,20322
46.7415,6.40476,0.3,0.377083,4587,40902
28.8958,17.0671,1.0,0.075,39154,16163
18.6054,19.1805,0.375,0.34375,6302,44626
3.7119,9.7957,0.145833,0.211111,5885,40178
17.8098,3.54768,0.135417,0.388889,7298,37946
18.9346,15.5284,1.0,0.233333,34903,22262
10.446,5.5016,0.1875,0.538889,41398,15962
71.2795,18.195,0.366667,0.336111,33677,29914
32.6061,19.2004,0.0666667,0.727083,10671,12049
22.5197,12.1409,0.716667,0.945833,53200,55713
37.7443,3.53846,0.635417,0.294444,44532,10795
29.7215,12.1632,0.352778,0.391667,5653,1217
17.2245,11.9925,0.688889,0.102778,54148,29464
34.2277,1.43927,1.0,0.322222,11295,49122
43.4686,16.8008,1.0,0.222917,25988,5218
19.3627,11.372,0.820833,0.483333,35408,3374
29.5031,7.19926,1.0,0.95,46819,50124
51.5751,8.83815,0.40625,0.260417,54638,17070
19.4671,11.6548,1.0,0.670833,40776,16234
19.4865,8.20015,0.452083,0.0458333,27314,32914
23.0165,8.80996,0.466667,0.229167,14876,4594
51.239,6.83963,0.604167,0.125,10011,45723
38.5927,7.02658,0.633333,0.622222,2278,31685
11.1832,11.5002,0.3375,0.25625,25107,8920
29.138,17.5543,0.08125,0.169444,50048,7879
50.5434,10.6817,1.0,0.4125,3616,34930
79.2859,3.85346,0.152778,0.160417,29523,8835
46.4334,11.9707,0.333333,0.413889,30280,19623
42.7401,21.1595,0.0520833,0.738889,49720,33986
57.1613,7.4124,0.185417,0.0611111,43217,30696
40.3883,1.70656,0.275,0.0694444,45344,45405
25.8045,4.20221,1.0,0.579167,50968,29139
61.7868,18.4942,0.55625,0.40625,36427,19365
50.8117,12.9663,0.0895833,0.461111,14177,12121
52.6144,7.50514,0.189583,0.625,10665,11211
26.9331,17.0918,1.0,0.454167,11896,17533
14.9358,2.98698,0.520833,0.172917,30165,51105
60.7825,8.56656,1.0,0.127778,12708,16532
15.6699,15.1163,1.0,0.939583,55746,42968
11.3941,0.838294,1.0,0.802778,20413,14612
7.8069,4.73777,0.538889,0.46875,48026,326
20.5405,13.1187,0.7875,0.316667,44081,3858
28.3901,7.94558,0.608333,0.686111,35250,37805
20.2465,11.6911,1.0,0.175,25891,24253
14.8442,11.8524,1.0,0.536111,44082,32839
11.7603,0.0278764,0.833333,0.15,37011,32317
18.4151,11.0761,0.0833333,0.138889,40780,52276
20.8431,7.41209,1.0,0.378125,53322,28241
51.7103,15.2388,0.922917,0.0777778,6584,31612
4.13544,11.3286,0.955556,0.302083,26854,48302
86.4819,10.8608,1.0,0.158333,34031,15863
57.2011,2.25829,0.508333,0.205556,36948,53342
46.7749,3.32738,0.577083,0.075,1984,54350
48.2107,7.98681,0.502083,0.361111,54535,17663
42.845,14.1006,1.0,0.609375,39144,44313
20.4328,6.09204,1.0,0.219444,34341,39713
29.9747,5.25673,0.733333,0.535417,23707,28202
36.2528,13.0195,0.139583,0.594444,1274,39414
36.5707,14.6668,0.0791667,0.39375,46673,29250
13.9835,8.52254,0.870833,0.127778,35628,44113
18.2415,12.0854,0.0916667,0.302083,42092,47661
12.7238,4.87402,0.697917,0.233333,40906,57400
33.317,5.75433,0.680556,0.828125,45504,16638
54.9878,19.3797,0.179167,0.178125,44210,16420
27.7218,13.5135,0.90625,0.305556,12660,18832
14.3715,1.52023,1.0,0.613889,492,11788
28.8942,10.0557,0.235417,0.835417,57104,9743
47.734,8.78708,1.0,0.538889,23032,12868
49.396,17.5382,1.0,0.330556,46456,10176
20.5818,4.32597,0.8625,0.366667,8142,18239
68.5878,2.20417,0.102778,0.335417,56256,49695
3.66778,3.63678,1.0,0.138889,26891,20295
59.4152,8.70569,1.0,0.164583,33951,4369
26.7316,7.3012,1.0,0.2,23504,20590
13.6277,12.0039,0.0958333,0.0583333,33721,23680
16.5655,14.3836,0.102778,0.313889,41459,23629
0.618752,15.7047,0.510417,0.480556,44465,29783
17.3588,3.2543,0.0458333,0.577083,12721,25470
26.5962,9.59792,1.0,0.577083,51806,34079
37.3353,3.18106,0.277083,0.497917,39213,26951
13.8486,3.68032,0.244444,0.185417,194,29066
9.18059,13.872,0.254167,0.197222,7748,43717
51.3108,17.48,0.15625,0.2125,31167,7521
13.7603,11.0292,0.358333,0.3,50083,42462
50.4536,26.0939,0.25,0.202778,24407,52345
16.3218,5.56827,1.0,0.597917,26029,54580
22.6263,6.6923,0.127083,0.645833,25144,20802
26.1911,4.51067,1.0,0.353125,55499,33893
15.5142,6.16507,0.0458333,0.3125,19847,47756
43.8984,13.0673,0.0479167,0.525,9346,45038
12.3877,7.76563,0.120833,0.105556,39407,51863
9.84163,10.7205,0.119444,1.0,34661,10815
72.9632,15.163,1.0,0.140625,16126,2326
19.4206,11.3932,1.0,0.075,6250,11762
63.1661,9.4484,0.0541667,0.766667,20936,24842
71.9204,15.3257,0.122917,0.659375,56909,16154
37.7832,13.1692,0.6375,0.161111,2068,55111
38.3815,20.593,0.0395833,0.477083,10581,13617
66.3802,25.2191,1.0,0.43125,37905,42972
8.6193,2.87412,1.0,0.120833,45770,3737
8.52423,6.57283,0.522222,0.563889,32210,34918
30.9262,12.1405,0.785417,0.297222,5040,35184
31.9244,1.41102,1.0,0.108333,23146,15139
21.2754,9.33502,0.50625,0.160417,46515,33843
27.7484,12.5674,0.0979167,0.841667,49037,11989
18.0386,9.67125,0.65,0.427083,30795,17803
29.9355,9.91377,0.955556,0.138889,29620,13379
15.1338,9.14151,0.680556,0.238889,31131,21864
45.4505,8.48712,0.344444,0.116667,21540,46252
27.3955,10.8038,1.0,0.111111,4535,15000
21.3235,10.5077,1.0,0.691667,16351,22636
15.117,3.36126,0.763889,0.216667,49783,46580
46.6426,2.48991,1.0,0.60625,3049,1119
76.1475,18.1536,0.9125,0.29375,50643,36063
53.729,1.6258,1.0,1.0,44691,35903
60.8527,11.8976,0.230556,0.425,53897,30949
52.2869,1.27251,1.0,0.147222,18856,33873
53.5003,13.5471,0.763889,0.0694444,16373,48858
28.0701,11.3899,0.341667,0.05,31553,12059
40.643,15.5346,0.7875,0.239583,55450,855
6.08945,10.1091,0.216667,0.211111,32376,39188
42.6576,13.9942,0.185417,0.686111,31179,48853
71.6256,9.56421,1.0,0.116667,35940,24885
25.2337,5.98514,0.18125,0.272222,6101,27783
22.632,25.6264,0.522917,1.0,53744,45974
5.16374,9.46265,1.0,0.15,50544,26958
35.2795,2.86908,0.24375,0.186111,38114,10828
41.3576,12.4478,0.739583,0.0944444,34905,1141
35.1667,8.02818,0.605556,0.175,46317,21670
9.7643,10.4851,0.141667,0.116667,30994,36505
78.3599,3.66869,0.280556,0.816667,24696,18698
13.5741,9.82307,0.475,0.341667,52374,26678
58.131,12.6072,0.880556,0.171875,38238,13792
17.9414,16.328,1.0,0.38125,15644,9517
24.3676,18.8312,0.502083,0.341667,3327,17745
17.2176,5.00335,0.245833,0.641667,42085,2331
11.8329,2.1858,0.65625,0.430556,31029,47693
24.6776,7.14051,0.845833,0.591667,40329,16534
27.7271,14.3759,1.0,0.116667,48145,35157
34.2532,13.2422,0.252083,0.141667,40844,11229
56.0898,4.24328,0.354167,0.519444,49176,21484
10.6661,16.0182,0.197917,0.15625,2285,19611
42.5364,8.32573,0.08125,0.297222,403,41294
58.3259,5.67041,0.572917,0.180556,39621,5907
8.65541,12.5619,0.535417,0.213889,30408,36191
31.5584,2.106,0.147917,0.333333,56726,2738
13.9093,5.05529,1.0,0.147917,54928,28847
45.0497,21.0214,1.0,0.0833333,3449,5661
9.98683,3.07436,0.179167,0.444444,7099,39464
17.4498,9.25443,1.0,0.391667,11218,12826
7.00144,15.5668,0.197917,0.402778,49459,24561
23.0445,19.7838,0.222917,0.0666667,3534,17747
34.5813,20.6594,0.16875,0.455556,28518,52711
58.9246,16.8958,0.208333,0.102083,17089,29886
11.6384,6.01632,0.0861111,0.352778,21103,37909
32.9174,18.4962,1.0,0.236111,9552,5838
36.03,0.278797,0.733333,0.122222,20517,46928
64.7523,11.2598,0.85,0.15,31845,39318
37.506,10.8007,1.0,0.728125,49872,31642
32.7779,9.52215,0.25625,0.128125,20329,37142
64.9481,19.152,0.413889,0.0888889,26558,16460
71.9771,11.5252,0.75625,0.411111,22261,41920
12.4185,9.12472,0.403125,0.91875,19892,14919
8.45658,4.00671,0.379167,0.0895833,31300,35211
52.2232,20.5771,0.314583,0.380556,21780,31333
22.3733,3.36972,0.425,0.511111,54110,16444
43.3076,0.50824,0.360417,0.73125,17228,10616
32.94,18.8889,1.0,0.391667,16168,12349
8.82107,11.4831,1.0,0.6,13538,28378
28.8398,10.0605,0.285417,0.404167,41674,50646
51.452,11.2607,0.120833,0.316667,45102,54910
70.937,4.23474,1.0,0.227778,31884,4484
19.8476,9.7273,1.0,0.10625,33965,36603
15.9108,6.64907,1.0,0.463889,29086,38724
63.2606,10.298,0.591667,0.485417,250,17606
13.6651,17.6396,0.133333,0.25,21037,20137
51.9201,4.02473,0.06875,0.605556,8586,37900
58.3957,21.4973,1.0,0.397917,29999,13665
42.1118,14.8578,1.0,0.888889,52390,27081
46.3631,13.6926,1.0,0.64375,31477,41142
16.7716,4.54589,1.0,0.485417,32844,52994
33.4459,22.9195,0.158333,0.564583,40528,46780
13.3624,9.46749,1.0,0.795833,25587,12015
11.5574,13.5595,0.125,0.102778,5721,51289
41.038,11.825,1.0,0.815625,43454,54643
82.897,10.6379,0.629167,0.119444,14869,7618
31.929,6.05715,0.129167,0.344444,4058,30553
14.2178,10.3213,0.11875,0.344444,36558,30691
53.2103,2.31388,0.13125,0.53125,51921,54944
6.64651,7.57862,0.141667,0.933333,55287,13135
7.98376,18.7613,0.0479167,0.688889,24147,11200
20.0605,10.5217,0.1875,0.216667,32532,32545
38.1251,5.13744,1.0,0.425,22011,46206
42.0836,12.813,0.13125,0.420833,9192,5302
20.1394,3.06818,0.3,0.679167,33292,57492
32.386,6.43511,0.152778,0.202778,31927,40356
41.0632,6.97967,0.363889,0.508333,35950,24618
15.6232,3.12551,1.0,0.175,716,5982
9.83755,9.7597,1.0,0.60625,49782,4136
37.7661,12.3438,1.0,0.3,18236,16107
36.9745,24.702,1.0,0.2,52495,47095
46.4479,21.3736,1.0,0.172222,11402,39214
14.9051,3.67032,0.15625,0.125,39966,52116
16.9292,16.4065,1.0,0.539583,26093,26102
41.1163,16.6873,0.454167,0.233333,12310,32075
26.1271,1.17222,0.885417,0.286111,12631,14153
30.7215,13.2985,0.170833,0.811111,19583,17731
63.7796,14.0576,0.185417,0.520833,35952,48296
34.7354,13.1749,0.975,0.06875,47730,56229
6.06425,5.52815,0.711111,0.355556,5328,18987
42.4042,15.6933,0.18125,0.320833,35214,55139
25.9048,11.6601,0.489583,0.30625,53188,46198
33.3675,4.44838,0.127083,0.9,48108,33512
13.9608,13.1983,0.516667,0.991667,16139,17776
60.5115,10.4686,1.0,0.133333,4045,19580
26.216,3.02644,0.225,0.438889,37423,15313
27.6485,10.248,1.0,0.319444,34876,27853
30.2898,3.82183,0.3,0.247222,17690,24766
35.0881,5.83078,0.991667,0.319444,43448,40990
59.6994,17.03,0.425,0.194444,12676,17517
15.5998,1.67786,0.383333,0.05,6122,1780
47.6291,10.0732,0.872222,0.463889,19409,45010
6.77221,2.22394,1.0,0.422222,23498,21120
22.6739,4.33725,0.247222,0.08125,32029,6907
71.0652,11.659,1.0,0.34375,28251,10657
17.6637,17.675,0.622917,0.552778,9423,10778
11.1596,15.4307,0.669444,0.244444,6428,44819
44.4247,8.16671,0.760417,0.0638889,27614,41759
33.9665,10.3849,0.591667,0.394444,21239,9503
44.522,11.7948,0.204167,0.3875,26574,10746
41.4344,12.6472,0.761111,0.602083,35004,9112
17.039,21.7226,0.075,0.3875,643,18348
49.2111,20.3249,0.547222,0.358333,16900,35755
23.9962,20.6252,1.0,0.283333,34488,44909
56.4547,16.6539,0.0833333,0.169444,14661,14652
2.85351,14.8252,0.09375,0.802778,26249,50649
7.7042,17.0557,0.3625,0.15,26652,6584
42.9846,12.7724,1.0,0.911111,56414,2801
18.5233,14.3116,0.691667,0.8,28176,3347
51.7909,11.3864,1.0,0.511111,11334,38762
1.69382,14.3996,0.5,0.9375,17345,40111
49.2088,10.5934,0.177083,0.3625,18539,15464
52.8947,11.6182,0.31875,0.430556,9728,28311
29.3586,14.924,0.122917,0.316667,38276,134
25.6747,8.49297,0.285417,0.345833,7456,50268
41.4374,3.24914,1.0,0.325,33427,27460
36.7228,10.6946,1.0,0.722917,33726,5356
58.6365,15.65,0.827083,0.158333,55165,41292
64.9004,17.5908,0.679167,0.305556,36038,55226
43.9196,10.5866,0.33125,0.355556,26082,20065
23.9805,16.9973,0.211111,0.430556,26800,11725
3.08275,1.18078,0.38125,0.186111,34809,23341
48.8346,15.624,0.575,0.491667,24751,3437
21.4021,13.9982,0.677778,0.0694444,26837,26737
27.8056,14.6677,1.0,0.852778,37714,26592
54.4836,9.82384,0.214583,0.225,44530,56573
48.2184,14.8763,0.402083,0.370833,28633,40047
47.2007,15.4506,0.113889,0.297917,25348,48646
34.9722,13.8831,0.36875,0.347222,35563,13183
52.293,9.59266,1.0,0.564583,17551,22342
31.804,10.2752,1.0,0.641667,44047,43216
48.6827,3.59614,0.316667,0.0416667,31695,28211
16.8778,14.3233,0.122917,0.697222,54548,10771
80.9377,16.1064,1.0,0.279167,36047,35959
51.0408,7.38533,0.613889,0.65,4243,40947
31.8179,7.99247,1.0,0.914583,5480,29564
41.4219,7.73714,0.102083,0.294444,8811,1762
48.0749,3.66944,0.208333,0.208333,13720,20684
18.2703,12.8858,0.402083,0.372222,33799,25122
53.466,18.0782,0.108333,0.297222,15654,39387
36.4984,0.420971,0.16875,1.0,25419,9884
31.3154,13.5357,1.0,0.41875,29186,41312
19.2288,5.06383,0.319444,0.411111,28790,17422
42.3005,3.89769,0.4125,0.15,2344,44104
71.4248,3.01719,0.108333,0.583333,20956,45332
12.6485,13.0207,0.763889,0.236111,24690,15489
56.2415,7.0127,0.5375,0.158333,3324,38469
43.2352,3.99577,1.0,0.6,37743,33519
9.20891,8.20702,0.314583,0.113889,23176,3067
77.6836,8.34643,0.0895833,0.491667,54090,14025
30.0099,3.58833,0.16875,0.180556,48997,53257
20.0359,0.774349,0.202083,0.377778,49428,49131
12.1858,16.0921,0.572222,0.486111,42326,1618
6.05514,9.3752,1.0,0.880556,2237,5811
43.98,7.65032,1.0,0.0555556,6876,46561
6.78591,3.41153,0.379167,0.152778,31937,31190
8.92937,5.71776,0.0958333,0.0895833,44884,17065
42.707,26.2997,0.2,0.275,30778,33164
46.7148,18.9099,0.777778,1.0,53647,47168
46.5721,2.80196,1.0,0.775,33305,49945
44.7845,12.7909,0.302778,0.391667,40839,39604
20.6302,7.10017,0.0833333,0.683333,51011,35635
15.8377,18.7135,0.458333,0.25,1504,22396
10.1285,9.0992,0.420833,0.547222,20139,5894
64.9942,12.9541,0.327083,0.0833333,30616,9836
9.23772,14.7762,0.0520833,0.180556,49101,35644
30.1198,4.00238,0.747917,1.0,47746,38965
38.6844,14.6599,0.409375,0.60625,25894,54700
52.2054,5.60313,0.116667,0.227778,51830,36698
11.3871,13.6997,0.402083,0.0833333,55569,29006
49.8264,1.40357,0.85,0.830556,45665,5415
13.4358,12.5668,0.15625,0.65,56839,37973
52.9617,2.46671,0.191667,0.133333,44228,39945
52.1172,9.80682,1.0,0.284375,51486,27263
10.3852,19.7359,0.110417,0.141667,33365,34054
14.0622,11.3916,0.194444,0.283333,6523,29676
3.59937,13.8009,0.25,0.0694444,24693,16853
1.96285,22.5141,0.204167,0.208333,2772,22936
62.1057,4.05077,0.770833,0.361111,51013,4051
68.392,20.3953,0.430556,0.179167,43616,49157
47.4186,13.203,0.708333,0.869444,6040,2378
22.8835,6.42544,1.0,0.35,1094,15656
29.2689,7.53889,1.0,0.844444,5899,4242
21.4966,13.0479,0.886111,0.155556,47810,50414
28.6461,8.49047,1.0,0.16875,31999,46989
73.8265,13.3482,0.369444,0.286111,5629,32903
8.24878,14.5297,0.429167,0.238889,14504,11645
52.5206,11.7638,0.125,0.388889,38916,10290
8.6285,3.60825,0.38125,0.9375,31614,15094
4.61006,1.92285,0.579167,0.144444,12921,3907
34.2623,11.8466,0.1625,0.18125,24430,44655
44.4906,1.83354,0.510417,0.414583,28461,36442
14.8561,23.2925,0.575,0.229167,45644,31707
26.1874,5.40442,1.0,0.283333,5237,24260
14.1619,0.63464,0.0770833,0.725,44298,41838
14.2902,15.6086,1.0,0.505556,47567,6366
50.5451,12.3434,0.0645833,0.511111,5584,53606
30.3141,8.52663,0.189583,0.144444,2336,38889
57.5964,3.74476,0.158333,0.888889,19376,49223
28.2125,0.427125,0.183333,0.205556,54278,5573
37.2292,18.7445,0.158333,1.0,17246,36459
36.0533,1.45576,0.397222,0.280556,4625,47688
30.4045,17.7559,0.427778,0.108333,53161,44048
52.2011,15.2911,0.7375,0.538889,33828,43464
45.4901,12.1449,1.0,0.45,13105,22084
21.4108,17.8415,1.0,0.138889,21532,52067
95.1097,1.98134,1.0,0.230556,32493,14951
9.1517,4.30594,1.0,0.338889,21647,1358
32.1583,16.5062,1.0,0.0611111,6973,14808
15.3796,4.68053,1.0,0.95,16590,41946
16.4662,13.1575,0.5125,0.808333,2181,51817
18.2643,11.4704,1.0,0.329167,32391,40390
5.70611,2.7943,1.0,0.430556,14252,5377
27.4904,11.3242,0.127083,0.366667,31663,17370
61.5275,14.2164,0.25,0.761111,47199,38237
5.39266,7.78257,1.0,0.177083,7200,44200
37.8662,4.94302,0.285417,0.138889,19231,31167
42.5519,6.34729,1.0,0.836111,11439,20012
60.8981,3.50436,0.277083,0.622222,46950,53572
42.6585,14.4851,1.0,0.713889,38033,24132
46.4253,4.00995,0.35,0.436111,45836,12962
10.7068,12.5113,0.2125,0.108333,4466,31216
9.60005,10.1529,0.116667,0.503125,34799,27777
35.6508,9.96004,1.0,0.316667,19422,21356
39.1274,18.9006,0.719444,0.788889,41082,28992
43.7111,22.156,1.0,0.59375,8656,18242
13.1304,18.5569,0.0604167,0.236111,5662,32236
47.8637,10.2807,0.0583333,0.0611111,23691,7185
9.619,12.7777,0.05625,0.411111,12409,55302
34.1366,7.40586,0.69375,0.271875,7937,5546
38.7261,12.7689,1.0,0.327778,42889,9307
36.6124,5.98667,0.266667,0.172222,40449,4857
48.4226,8.52872,0.486111,0.811111,51802,8838
25.7234,14.0144,0.15,0.394444,55209,5910
11.2591,12.7773,0.28125,0.291667,5438,11715
26.9153,21.2102,1.0,0.177778,4560,11790
52.3449,9.94118,0.533333,0.202083,34931,27274
41.0076,17.2818,0.897917,0.219444,10492,35881
8.22387,2.22379,0.2,0.360417,17900,6358
31.5862,17.065,0.60625,0.338889,2022,45233
59.9997,17.5664,0.347222,0.534375,11477,4279
24.2354,7.99539,0.475,0.308333,36774,55352
0.549932,10.6892,0.920833,0.436111,6125,31536
61.6929,9.46571,0.352778,0.191667,7968,15343
4.80964,8.16095,0.0416667,0.291667,38729,33198
35.1825,2.5196,1.0,0.0166667,22843,32035
44.4894,12.1406,0.339583,0.411111,53267,53285
6.35741,7.44737,0.377778,0.50625,92,38322
61.691,1.28825,0.129167,0.3125,12293,3146
10.4219,5.4887,0.494444,0.386111,2331,13758
55.0263,13.4271,1.0,0.283333,37755,43112
45.1292,23.8049,0.21875,0.366667,18221,12558
10.6025,5.23915,0.525,0.186111,26380,23810
26.8176,3.38313,0.69375,0.484375,27916,20304
18.9729,11.0696,1.0,0.211111,16910,11268
11.566,6.1683,0.264583,0.519444,41715,41112
2.73604,8.53277,0.577083,0.477083,22957,7794
60.0349,13.3252,0.08125,0.520833,9916,43472
1.66702,18.7195,0.130556,0.361111,19230,53997
50.9314,17.2983,0.452083,0.0527778,8237,18833
40.7392,1.06955,0.195833,0.4125,42569,39278
32.2544,15.7597,0.266667,0.430556,44347,26002
46.5127,5.96128,0.49375,0.0944444,9765,30090
26.8275,13.5085,1.0,0.254167,48438,57511
18.8572,7.13875,0.666667,0.3375,44364,37197
21.5559,18.8846,0.0916667,0.711111,22423,1877
16.1255,8.51862,0.380556,0.322222,56408,57446
43.3378,9.23194,1.0,0.31875,920,27139
5.98943,11.9729,0.311111,0.1,11870,36017
16.6087,3.23146,1.0,0.3,41757,55988
14.2402,18.1339,0.0854167,0.619444,22086,28865
32.8823,12.7272,0.11875,0.322222,3869,51969
57.9188,14.1887,0.125,0.813889,43460,52614
53.3749,15.5398,0.145833,0.28125,20344,34399
31.7046,9.78722,0.783333,0.263889,5047,11644
7.06983,9.8258,1.0,0.377778,36470,50559
60.1005,15.4226,0.955556,0.570833,21178,51099
65.3552,7.16793,1.0,0.602778,3222,42414
48.1495,11.1008,1.0,0.45625,1150,1111
12.9987,2.38658,1.0,0.275,32449,23
67.5644,5.58558,1.0,0.533333,16726,40700
43.9085,13.5319,0.08125,0.355556,20238,8973
29.139,4.33461,1.0,0.38125,24485,54989
44.0938,11.4216,0.216667,0.78125,17458,52485
18.1844,9.29534,1.0,0.372222,9325,11052
21.3393,6.08199,0.316667,0.491667,11770,23338
18.6939,15.6312,0.9125,0.441667,24302,55548
43.6985,20.176,1.0,0.269444,54225,15494
3.63279,12.302,0.289583,0.383333,57018,57355
40.5272,2.03014,0.664583,0.364583,53020,14098
40.7613,24.9788,0.872917,0.820833,46899,44214
59.4883,3.59616,0.155556,0.55,24754,44283
35.0283,19.8284,0.135417,0.49375,21873,7781
64.9788,2.69861,0.760417,0.266667,8344,18267
57.9942,8.76616,0.24375,0.683333,34145,2903
21.0298,2.32861,1.0,0.244444,52549,18021
4.46558,14.6302,1.0,0.427778,1166,671
30.7576,1.68266,0.454167,0.2,34624,45983
45.3545,13.8156,1.0,0.422222,36823,43274
47.9525,7.69476,1.0,0.639583,12249,47347
56.4834,4.29487,0.179167,0.575,44685,46904
29.0877,3.63753,0.141667,0.303125,35961,32061
8.71818,9.41651,0.172917,0.35,21909,2809
10.7803,14.637,1.0,0.1,52224,28922
29.0707,3.80819,0.354167,0.410417,11061,56018
65.2919,20.3413,0.530556,0.60625,4261,49745
32.6995,13.6447,0.222222,0.120833,17403,25195
39.1743,10.4102,0.952778,0.386111,35142,9034
35.9726,8.17616,0.313889,0.180556,23798,38219
15.9418,4.18988,1.0,0.347222,54562,30925
56.8076,6.67049,0.291667,0.133333,42676,10031
65.5781,8.2028,0.0854167,0.363889,24055,31236
5.14277,17.9034,0.172917,0.491667,27609,16586
17.2965,20.8375,1.0,0.247222,13536,14181
23.0438,7.00685,0.266667,0.219444,32486,53750
33.258,10.0463,0.141667,0.394444,54655,33310
6.98289,13.6189,1.0,0.7,36421,33764
59.3821,6.16396,0.0354167,0.825,48555,44084
34.7782,1.04935,0.760417,0.852778,57178,12590
15.6508,15.9439,0.785417,0.458333,52551,52315
34.2732,15.5676,0.647222,0.233333,21352,25643
8.57836,13.2272,0.733333,0.211111,40787,40194
52.285,4.77133,0.345833,0.372222,23029,45344
53.2683,3.31604,1.0,0.0958333,7243,546
35.137,22.2402,1.0,0.970833,39344,34601
39.6467,15.9886,0.0972222,0.458333,36686,32403
56.2334,5.01846,0.175,0.0972222,27911,56223
36.148,5.78534,0.325,0.344444,17646,4973
32.4998,13.3924,1.0,0.133333,54669,22038
33.1838,12.8241,0.204167,0.7125,22245,42443
12.2958,15.3033,1.0,0.138889,10052,2763
27.7192,5.25451,1.0,0.280556,23376,51506
48.8237,10.2186,1.0,0.335417,57034,13833
76.55,5.19597,1.0,0.0777778,17605,22276
64.5582,15.5608,0.119444,0.122222,45260,31603
71.2133,3.22891,1.0,0.270833,29712,11742
23.6088,11.901,1.0,0.308333,24577,1232
38.2927,12.6147,0.204167,0.319444,27573,27420
62.3536,2.39756,0.429167,1.0,52737,14963
14.2646,17.0585,0.35,0.0604167,28891,15368
39.5114,21.4386,1.0,0.563889,45293,13514
16.4826,11.8102,0.0583333,0.375,23015,31565
44.4431,1.63023,0.739583,0.794444,54926,21695
27.6934,4.48549,0.420833,0.316667,39464,21596
24.9122,12.277,0.891667,0.228125,38757,17936
60.9063,13.7638,0.635417,0.352778,33916,55521
66.6363,2.46353,0.822917,0.452778,3739,4073
38.8253,13.7772,0.56875,0.147917,53018,48900
9.60705,12.9894,0.472917,0.458333,43455,34821
16.7447,7.35879,0.202083,0.730556,14958,25222
26.4958,18.329,0.325,0.385417,43884,55633
13.7315,4.05767,0.988889,0.327778,49927,48367
8.62797,7.73916,0.185417,0.684375,11693,10534
22.4196,12.3872,0.261111,0.305556,28049,3857
61.1919,8.87629,0.114583,0.420833,29672,23919
33.3019,8.03499,0.127083,0.863889,40353,9114
75.4142,9.37831,1.0,0.397917,50839,46061
46.9915,12.3932,0.166667,0.319444,22258,26662
9.57351,14.7213,0.183333,0.102778,40213,25900
71.3911,0.865994,1.0,0.288889,22449,56505
36.3041,20.1941,0.09375,0.652083,20296,15230
24.0911,7.63695,0.0416667,0.697917,57522,49205
46.0188,6.34805,1.0,0.0888889,50908,26924
33.7448,16.5221,0.9125,0.439583,1929,52925
9.1898,22.0056,1.0,0.611111,367,44166
20.509,19.4731,0.725,0.116667,27275,11734
14.6329,9.96044,0.129167,0.388889,52148,21365
6.35315,8.74641,0.997917,0.677778,30969,41856
30.0901,8.55638,1.0,0.491667,40973,24901
43.494,8.07451,0.147222,0.663889,28996,21851
22.9655,1.70814,1.0,0.230556,43441,41083
28.4836,3.29477,0.814583,0.344444,19318,783
12.7296,11.4859,0.997222,1.0,16513,22111
5.16249,3.12792,0.0958333,0.489583,30337,47345
41.0422,11.3166,0.725,0.175,31704,10560
72.3936,6.67606,0.572917,0.8625,8716,24642
55.4574,11.047,0.3625,0.527778,20097,14711
66.399,6.78131,1.0,0.480556,50487,10748
46.2422,16.8629,0.0958333,0.452778,24664,46249
21.9038,10.6536,0.233333,0.2625,50484,18692
19.3781,4.62958,0.06875,0.13125,34471,31226
23.7943,13.6544,0.202083,0.529167,50486,351
53.5715,6.664,0.652778,0.216667,20324,33108
27.0638,23.1729,1.0,0.2375,36772,51463
15.0333,10.0813,0.327778,0.291667,14275,15311
39.9032,10.9227,0.191667,0.441667,50731,21467
48.6815,10.372,0.145833,0.629167,51019,22562
36.1028,19.2765,0.122917,0.155556,33205,1451
36.4753,2.51321,0.285417,0.0694444,49903,57163
51.5234,3.7506,0.816667,0.7875,41673,48389
52.3523,1.49215,0.354167,0.744444,10449,23579
18.034,8.20521,1.0,0.191667,48006,29418
18.7875,1.1598,0.341667,0.386111,34557,30036
53.6144,12.3044,0.285417,0.43125,40479,9340
53.4336,16.1051,1.0,0.710417,8155,51489
40.0069,8.32751,0.663889,0.730556,45540,9813
15.9635,14.2124,0.83125,0.488889,51934,45919
14.7566,5.79356,0.688889,0.164583,28134,32066
15.6191,8.7332,0.316667,0.183333,52456,17445
33.8669,8.38961,0.172917,0.388889,49664,39893
28.6981,17.7447,0.0583333,0.791667,3097,18769
50.2081,13.136,0.185417,0.513889,26041,3955
6.90103,10.4879,1.0,0.572222,2124,19222
19.8435,8.98543,1.0,0.133333,21437,57496
25.9021,3.27598,0.205556,0.12778,5423,32157
46.2614,15.6274,0.458333,0.125,2925,47425
18.2377,15.1064,0.395833,0.702778,11265,2053
29.95,7.91031,0.385417,0.220833,35207,39216
2.77574,19.3998,0.0895833,0.558333,17567,38339
16.9693,10.7846,0.7375,0.316667,41387,17676
38.2162,0.959032,0.795833,0.588889,54074,15582
51.8295,5.52093,0.377083,0.127778,18325,44234
61.3478,2.59016,0.997917,0.0708333,40096,22581
71.8927,10.2413,0.0395833,0.340625,2287,42590
22.6928,8.78179,0.14375,0.188889,23147,39683
18.4572,21.8052,0.319444,0.141667,28425,46299
54.1644,2.88726,1.0,0.152778,3550,28960
46.8336,3.72603,0.235417,0.527083,20492,57394
38.9147,16.0399,1.0,0.291667,17292,17263
16.4747,12.559,0.825,0.583333,27620,27224
23.5291,4.43224,1.0,0.294444,23700,25842
36.8418,3.90623,1.0,0.0694444,29527,43922
50.089,6.88737,0.441667,0.552778,38567,55386
18.9167,5.46785,1.0,0.375,38925,18639
40.5238,19.1541,1.0,0.605556,39776,51013
17.9331,4.23009,0.227083,0.4875,41094,14938
10.1178,3.47542,0.1375,0.484375,11613,5973
61.2126,0.882656,1.0,0.177778,32764,30051
22.5766,23.5911,0.29375,0.377778,43552,13931
8.38466,12.2616,0.0375,0.141667,55014,42925
61.0556,17.4913,0.233333,0.325,22605,30906
1.93885,14.3415,1.0,0.208333,26535,36743
33.6622,13.7466,1.0,0.0916667,28187,44871
27.0053,14.4322,0.33125,0.65,48702,53165
36.5924,16.1965,0.389583,0.472222,29660,54833
11.7036,7.96174,0.970833,0.56875,41341,45433
26.7463,3.0219,0.0333333,0.313889,25866,31006
77.3955,15.8862,0.33125,0.533333,9565,15858
41.2801,6.19044,1.0,0.325,57481,15179
20.8245,18.3427,0.0708333,0.472222,53552,47598
56.2086,5.95352,1.0,0.7875,44229,28182
20.1509,5.25783,0.916667,0.429167,55385,49604
66.313,9.70406,1.0,0.102778,3902,17453
55.5691,15.4394,0.522222,0.190625,36539,51049
29.0436,8.62533,1.0,0.347917,16826,16653
42.6186,17.2514,0.525,0.433333,51981,26495
39.6732,4.07697,0.414583,0.111111,35824,19806
29.8535,5.50082,0.664583,0.266667,42553,24390
78.414,18.642,0.15625,0.511111,44136,1462
28.0579,1.44968,0.59375,0.491667,12225,49804
33.5535,15.6514,0.34375,0.166667,50560,15364
58.6558,12.3309,0.489583,0.1625,42455,52076
25.8612,9.47189,0.255556,0.827778,4983,9080
39.798,11.6737,0.320833,0.552778,46755,48771
9.84145,0.129633,0.05,0.429167,33098,3869
57.9025,1.70372,1.0,0.594444,25033,15760
27.6884,12.5863,1.0,0.129167,39234,18269
69.1316,11.5663,1.0,0.0861111,31228,39746
54.0312,12.4577,0.877083,1.0,12372,37836
61.9946,6.39934,0.327083,0.113889,7433,39174
42.7941,21.8869,0.29375,0.413889,8103,48692
4.704,17.4134,0.125,0.35625,20093,34070
32.8226,10.9648,0.30625,0.608333,35969,15287
38.607,14.3775,0.160417,0.336111,5455,42040
54.2243,14.883,0.7125,0.386111,44773,19833
55.798,14.3437,0.141667,0.466667,19073,54675
51.7801,6.78881,0.425,0.447917,14274,19652
31.7223,4.43705,0.872917,0.15,33445,35320
9.82375,24.4053,0.133333,0.288889,57399,3964
10.0795,12.6701,1.0,0.102778,12097,41352
5.08257,15.4613,0.377083,0.110417,46791,6747
91.321,23.1888,0.263889,0.197917,5386,53249
32.2457,13.8345,1.0,0.291667,48047,42478
16.7837,6.42622,0.0520833,0.144444,52964,23247
36.9786,4.93774,1.0,0.591667,24443,41394
59.3955,11.987,1.0,0.18125,10937,55185
0.383082,15.0063,0.0645833,0.127778,24642,42999
61.0407,12.694,1.0,0.463889,48171,48954
27.0775,4.78173,1.0,0.233333,48620,46640
40.7633,10.8905,0.258333,0.0708333,49166,41862
16.723,4.90782,0.797917,0.422222,41606,49451
14.3526,6.43773,0.261111,0.730556,2648,34902
39.7484,9.26206,0.583333,0.580556,30069,15150
59.6812,10.7551,0.0416667,0.727083,31769,55584
44.0955,10.5682,0.75,0.113889,8031,55245
24.874,6.21744,1.0,0.375,31303,41315
23.2067,7.0686,0.84375,0.11875,44578,27612
68.4283,10.0487,1.0,0.189583,21875,24905
19.8038,17.2518,0.379167,0.352778,48158,39500
56.9347,3.66866,0.497222,0.602778,23155,54461
33.7004,15.0414,1.0,0.113889,33494,8266
29.0986,16.9987,0.40625,0.345833,16281,2596
51.2958,8.3148,0.688889,0.35,24764,55002
24.9288,17.828,0.536111,0.730556,10028,28096
24.4003,2.6742,0.0583333,0.0895833,15955,50313
19.9998,25.5692,0.620833,0.369444,51338,20505
21.2722,11.0641,0.539583,0.802778,8191,51070
57.1362,14.5239,0.3875,0.577083,15816,25203
21.2007,10.784,1.0,0.697917,41772,39670
32.5031,2.87017,1.0,0.0888889,2773,23946
48.3994,13.3879,1.0,0.0833333,57499,43867
30.5912,4.39716,0.933333,0.0444444,4744,14984
69.826,23.0047,1.0,0.40625,27624,55067
57.2022,10.8906,0.683333,0.116667,42625,7044
49.701,4.12894,0.302083,0.283333,37191,42012
61.492,7.58181,0.160417,0.277778,45738,12469
26.119,13.8276,0.420833,0.19375,33230,42358
20.6696,15.3663,0.320833,0.491667,13732,44195
10.6866,6.01437,0.558333,0.25,6666,56636
17.1979,10.5834,0.127083,0.280556,10795,2456
26.8769,14.2125,1.0,0.278125,53698,24608
29.9205,5.02653,0.527778,0.333333,14133,56384
37.8065,9.38485,0.497917,0.680556,2222,37139
62.1738,13.084,0.7125,0.0305556,13290,29205
57.9298,16.9749,0.430556,0.1625,7151,44620
46.1487,10.9868,0.175,0.258333,5674,10498
37.6202,9.48468,0.7125,0.258333,44278,40508
25.6407,13.8361,0.519444,0.329167,41147,51984
27.7566,22.3799,0.616667,0.222222,10798,3540
52.4531,12.7787,1.0,0.436111,7500,44821
11.2928,10.4665,0.208333,0.652778,16724,36020
71.93,1.65072,0.25625,0.586111,31466,48903
23.6885,16.7702,0.344444,0.161111,18522,19100
9.45006,17.7316,0.291667,0.227083,28307,467
32.0779,5.36559,0.470833,0.341667,4756,33736
43.9828,15.1518,0.645833,0.236111,36801,24819
43.0941,11.124,0.747222,0.2,4690,13314
24.0324,17.6844,1.0,0.177778,36817,44543
37.4782,6.70419,1.0,0.438889,49808,8764
51.8483,12.45,1.0,0.441667,50384,25834
33.5471,17.9295,0.120833,0.141667,44154,35277
44.9491,12.8155,0.455556,0.972222,27784,4146
57.8125,1.14531,0.927083,0.711111,12166,43199
14.226,8.79543,0.3375,0.447917,53034,25858
6.63029,22.7435,1.0,0.152778,8532,12444
13.3569,8.52778,1.0,0.430556,20511,50215
20.5826,4.38591,0.383333,0.45625,31658,40113
52.9066,14.2569,1.0,0.0972222,39460,27829
7.74076,7.11736,1.0,0.25,26426,22181
10.3823,17.9149,0.39375,0.102778,51779,1112
69.0502,10.2716,1.0,0.727083,29076,39005
37.6808,16.4572,0.475,0.238889,5853,22807
9.82732,21.1793,0.527083,0.44375,4399,50403
19.7132,13.9703,0.558333,0.5125,33708,32588
59.202,4.1962,0.389583,0.313889,20870,38808
21.8744,1.2569,0.147222,0.78125,5264,16537
28.7672,11.2847,0.872917,0.686111,27115,17924
78.8592,10.5183,1.0,0.425,841,35748
69.0215,6.40895,1.0,0.194444,332,32569
68.7347,11.1362,0.635417,0.319444,48921,44405
34.1179,1.38258,1.0,0.344444,48101,1881
11.5385,9.20246,1.0,0.288889,52323,19416
35.1633,6.96567,0.0833333,0.566667,21800,19279
22.9697,5.63172,1.0,0.752083,42362,13649
59.1399,5.49765,1.0,0.46875,55672,25945
16.3457,6.08156,0.716667,0.35,16855,33613
45.8642,13.4024,1.0,0.522222,47240,17009
31.2706,17.4421,0.111111,0.139583,29036,39696
13.6915,5.04358,1.0,0.294444,51789,50973
64.1467,9.09676,0.160417,0.125,22944,30683
34.143,14.8426,0.616667,0.31875,36479,30342
36.0972,24.369,0.495833,0.497222,9960,48187
20.9834,19.011,0.5375,0.116667,22312,49858
40.7176,3.74206,0.152083,0.34375,20593,25423
37.0785,3.17275,0.922917,0.277083,4123,48327
26.4274,14.2982,1.0,0.596875,949,42188
56.5289,16.6828,0.164583,0.38125,13661,36581
53.3683,6.88192,1.0,0.0958333,8680,12434
7.55854,12.1856,0.386111,0.572222,55112,54496
28.7958,14.9573,0.472917,0.80625,43075,12907
25.0052,12.4074,1.0,0.0805556,31557,43877
14.0574,5.96301,0.830556,0.241667,49611,422
83.8414,10.6003,1.0,0.591667,10397,15379
41.1759,15.2234,1.0,0.627778,5308,15540
21.5556,10.7068,1.0,0.188889,47914,7944
40.8423,12.0266,1.0,0.802778,5897,2524
45.0341,13.7919,0.197917,0.455556,37020,13511
36.805,3.66846,0.435417,0.591667,31834,24472
27.9841,6.43282,0.589583,0.197222,26562,35462
65.0703,17.1883,0.460417,0.430556,44168,3450
70.1795,8.27078,0.361111,0.994444,48539,49175
39.082,6.70088,1.0,0.222222,37033,7356
25.7929,8.52482,1.0,0.272917,44781,31584
41.0092,10.6315,0.920833,1.0,3258,54303
42.0253,0.963843,0.31875,0.221875,18000,1672
18.6713,1.16651,0.158333,0.741667,37043,43036
38.9203,19.0153,0.269444,0.584375,22157,54844
23.5316,7.02154,0.46875,0.0611111,7857,43053
12.5042,18.8743,0.994444,0.214583,47720,32405
71.2399,1.85417,0.11875,0.822222,47981,13320
21.2034,12.6028,0.872917,0.50625,41269,25793
54.1172,13.0821,0.202778,0.175,46549,39842
41.6769,4.32483,1.0,0.13125,26611,5624
45.6849,13.5304,0.222917,0.383333,37237,9394
40.4734,11.5764,0.141667,0.691667,54301,23050
47.0488,9.76477,1.0,0.377778,41884,41438
63.155,23.529,0.329167,0.125,55739,46389
18.3618,5.09018,0.94375,0.29375,50427,45719
54.8333,8.54736,0.125,0.141667,19449,38185
28.4647,3.08965,1.0,0.2375,46262,145
10.1384,3.46995,1.0,0.308333,13759,6354
29.0986,3.40824,0.75625,0.208333,24687,23009
15.4848,18.7309,0.0895833,0.413889,35767,3805
21.148,4.30236,0.175,0.0916667,26270,14218
18.9043,6.55497,0.108333,0.575,38601,5170
61.1212,20.519,0.427083,0.127778,34766,18511
17.5721,9.6527,0.161111,0.291667,36583,14707
12.514,7.5774,1.0,0.341667,55435,44233
60.4772,10.7992,1.0,0.120833,53832,16434
31.8523,14.8092,0.3,0.35,3663,33784
24.5186,4.12071,0.283333,0.744444,47144,22205
25.9611,7.67459,0.51875,0.29375,11588,26435
9.01815,8.26583,1.0,0.2125,53440,43899
53.6365,16.444,0.780556,0.61875,50475,8804
16.8773,8.881,0.56875,0.427778,52362,8229
10.6493,11.7545,0.870833,0.422222,52716,27768
29.8123,11.2557,0.472222,0.233333,37070,14514
59.4911,10.8767,0.0979167,0.938889,26962,46545
42.8201,13.1854,0.166667,0.266667,25669,11791
52.3676,13.7139,0.308333,0.43125,7459,50620
33.6986,12.8926,0.770833,0.938889,15492,28695
84.9306,5.90498,0.175,0.4375,5524,16828
65.8057,8.62613,1.0,0.536111,42050,3895
43.8461,17.1555,0.280556,0.0638889,2827,50287
34.2145,21.1576,0.670833,0.208333,36392,56368
38.0517,15.4359,0.583333,0.452083,4383,32757
21.5452,14.7453,0.0833333,0.525,23666,30991
36.5507,17.3499,0.608333,0.321875,51447,42529
52.6613,18.3874,0.177083,0.19375,51559,28842
17.3145,20.8348,0.30625,0.127083,32887,31754
47.6548,15.6734,0.170833,0.288889,52923,17452
34.1655,4.9398,0.269444,0.90625,12393,22265
52.883,11.5446,0.291667,0.972222,20221,50188
9.06435,11.9354,0.152083,0.816667,5225,18999
28.7981,1.29848,0.294444,0.489583,46671,2135
31.9584,18.4244,0.402083,1.0,49232,27804
28.8069,13.5669,1.0,0.214583,56148,54110
71.4149,12.1228,0.222917,0.160417,7444,15013
2.48581,5.55234,0.589583,0.366667,23816,4311
59.3173,11.5869,0.147917,0.427778,55403,53740
5.97718,14.9208,0.1625,0.716667,7965,30924
22.4552,7.64009,0.733333,0.697917,3078,24956
15.9568,15.3169,0.104167,0.119444,48113,52729
36.1448,2.25676,1.0,0.6625,4322,6736
9.32264,10.2445,0.36875,0.36875,4217,10367
68.5124,15.2165,0.379167,0.321875,37217,39208
24.8642,18.2692,0.861111,0.588889,46732,35805
34.0498,1.8666,0.235417,0.233333,50367,6233
42.2343,17.6171,0.560417,0.277778,22095,35843
57.6363,10.6441,1.0,0.622917,22133,1655
26.7751,17.8298,0.119444,0.96875,42445,40088
28.5703,11.3962,1.0,0.377778,49970,22252
46.4306,7.47838,1.0,1.0,30490,37890
24.7257,1.31912,0.755556,0.480556,23938,30810
27.4226,7.08355,0.2,0.16875,4802,31090
30.0782,5.29401,0.495833,0.388889,48412,21735
12.0233,7.0733,0.380556,0.3,42329,28649
32.3914,7.42446,0.785417,0.3125,38610,54092
12.4617,11.3507,0.188889,0.988889,4627,44121
69.0576,7.64325,0.0791667,1.0,7155,30467
34.4608,15.7072,0.480556,0.633333,6712,46289
53.0455,3.81958,1.0,0.130556,28166,5183
71.235,5.10801,0.120833,0.240625,12096,20455
11.011,10.4943,0.16875,0.394444,41118,39435
1.04522,16.938,0.0854167,0.377778,50622,20218
75.1341,15.0552,0.075,0.108333,39392,42714
50.8463,5.05207,0.386111,0.722222,45596,36480
44.8642,3.70926,0.991667,0.545833,4880,997
4.97275,19.3397,0.84375,0.347222,26718,6113
43.9148,5.78263,1.0,0.475,50773,42660
23.2488,19.9947,0.827083,0.25,15276,44717
22.9142,11.0544,0.233333,0.102778,41086,54593
42.0325,15.6351,0.95625,0.275,6818,13766
29.8041,7.37259,0.461111,0.4,324,48481
4.9745,1.10713,1.0,0.339583,34312,32891
32.3937,1.66506,1.0,0.425,28496,38916
6.81574,3.96468,0.0854167,0.158333,32177,32278
45.8877,7.68337,1.0,0.227083,11863,23250
33.0302,0.197079,0.81875,0.209375,48986,35482
27.2121,6.31478,1.0,0.272222,53660,5325
4.72067,14.0805,0.310417,0.133333,20721,30690
31.1252,8.94275,0.394444,0.139583,56745,36527
46.108,1.49598,0.2875,0.694444,54284,42677
37.6955,17.6608,0.3875,0.161111,51905,50167
18.9116,0.819597,1.0,0.144444,4384,14588
16.3917,15.7695,0.0604167,0.1625,51328,47489
41.4973,16.8612,1.0,0.141667,8675,31339
4.60043,14.0173,0.214583,0.772222,11965,11703
20.0281,16.2236,0.108333,0.114583,22618,52098
39.2555,10.0904,0.647222,0.916667,36348,48839
24.4059,8.86099,0.161111,0.113889,43170,12448
17.3476,11.5719,1.0,0.252778,6897,47413
31.8111,12.414,0.113889,0.205556,49916,1359
22.6565,6.0374,0.170833,1.0,13698,33528
19.3779,17.1739,0.827778,0.283333,41839,42554
16.2047,7.10426,1.0,0.277778,39979,43519
94.2271,6.66954,0.888889,0.341667,56100,1578
35.614,9.91178,0.395833,0.533333,42404,28294
58.9038,0.543486,0.916667,0.55,53737,54671
41.1197,9.16158,0.08125,0.510417,16835,10173
54.448,11.2784,1.0,0.333333,42684,31067
51.4972,5.27495,1.0,0.7,8604,45730
44.6476,2.63607,0.236111,0.80625,3680,56909
63.5612,1.04998,0.270833,0.910417,54496,17501
4.92852,14.2076,0.66875,0.246875,36037,7076
18.7545,5.48208,0.997917,0.241667,887,37800
52.0344,6.80351,1.0,0.236111,45874,50592
4.18336,10.0914,0.216667,0.972917,28479,43884
30.0107,6.6685,0.841667,0.140625,1287,53900
68.6965,3.78189,0.145833,0.419444,55562,31415
17.8118,7.22882,0.894444,0.227778,48806,19447
8.28191,1.40709,0.654167,0.85,47707,28169
13.9009,11.3896,1.0,0.275,10408,35577
8.70677,21.8449,0.189583,0.408333,28830,3372
29.972,9.56701,0.2,0.445833,46859,35152
27.475,11.9442,0.05,0.366667,28989,53544
34.9465,5.82336,0.127083,0.4125,9525,27499
49.2222,23.9747,0.172917,0.71875,34047,57391
17.5569,1.37457,0.214583,0.227778,45915,42156
8.29864,7.81297,0.935417,0.775,20891,18142
50.1191,17.5157,0.116667,0.127778,33114,48500
37.0567,7.75012,1.0,0.283333,7319,34085
6.74657,23.4918,0.09375,0.469444,45697,52901
43.6646,1.05874,0.15,0.525,3304,45439
17.1288,21.9851,0.372917,0.447222,44035,53489
31.2088,14.4821,0.35625,0.808333,28319,21058
37.2275,12.5671,0.279167,0.295833,54721,24085
67.0165,3.15458,1.0,0.416667,53962,37313
37.3819,7.52806,0.36875,0.81875,38308,30319
51.9716,16.0789,1.0,0.28125,11366,14952
6.84791,0.992333,0.583333,0.366667,3773,41761
19.1541,14.4604,0.855556,0.197917,24744,45587
26.2543,8.61755,1.0,0.302778,43129,18452
15.2434,2.62401,0.1625,0.14375,11102,25476
13.9526,5.3048,0.116667,0.277778,46867,26456
3.8482,5.16673,0.16875,0.0472222,50322,1282
36.4259,8.01283,0.364583,0.230556,51170,16022
39.2291,6.28729,0.36875,0.285417,52098,5363
19.0824,4.14098,0.436111,0.179167,57166,13370
42.4654,5.35826,0.05625,0.816667,27722,52483
57.4805,15.1887,0.125,0.334375,49252,49021
29.4474,1.36415,0.375,0.0833333,40712,14810
49.3984,2.92686,0.404167,0.452778,39237,13538
67.747,8.94089,0.208333,0.122222,15653,14644
26.9127,1.49835,0.635417,0.122222,21216,38948
26.014,17.3733,0.9,0.102778,23871,54969
32.8626,7.06342,0.85,0.244444,10262,22925
10.5003,10.5864,0.4625,1.0,49445,57338
6.77434,2.96886,0.245833,0.444444,48432,29916
10.9306,12.1211,0.122222,0.25,37367,28878
39.1517,6.33931,0.3625,0.383333,2882,45382
52.6593,8.30314,0.8625,0.379167,156,8177
17.6968,10.0075,0.583333,0.716667,42488,27236
32.3149,7.22783,0.844444,0.522917,14797,38265
11.795,5.66125,0.316667,0.338889,29338,46650
57.7933,4.84881,1.0,0.361111,7043,46798
64.3134,9.17031,0.64375,0.463889,19177,10785
27.9043,18.8184,0.194444,0.422222,4906,48999
32.3348,8.64248,0.997917,0.411111,3012,9710
14.8743,9.29093,0.147222,0.247222,45405,21583
42.6637,8.09404,0.729167,0.458333,14303,26575
48.8117,14.2232,1.0,0.084375,49982,16017
13.2833,0.921261,1.0,0.677778,369,38261
39.4539,3.51198,0.13125,0.808333,596,28827
3.45767,7.89386,0.11875,0.647917,45171,6458
7.6832,4.87126,0.391667,0.541667,50387,34661
36.1297,10.7655,0.383333,0.177778,3410,1857
29.4116,10.7297,0.110417,0.241667,34670,49070
49.7451,15.2129,1.0,0.419444,10831,33337
43.4939,5.26069,0.0694444,0.530556,35830,33762
10.2934,3.86533,0.641667,0.475,40446,7130
56.7873,18.4217,0.21875,0.352778,48048,42335
40.12,2.85906,0.122917,0.753125,10131,10979
3.81833,17.8628,0.586111,0.222222,36382,19421
38.4461,8.21037,0.25625,0.519444,21950,1252
18.0471,14.5507,0.50625,0.130556,28324,43453
16.535,3.35935,0.4125,0.354167,27597,19211
45.8007,18.1108,0.1625,0.0805556,29790,16402
62.7083,1.49937,0.0875,0.133333,56429,8846
15.5769,20.6126,0.39375,0.655556,44873,57043
28.8939,12.4316,0.288889,0.458333,14572,8285
11.2527,5.44647,1.0,0.594444,46558,24087
60.5343,10.2165,1.0,0.7,16214,30730
65.2906,0.0293414,0.2,0.266667,32146,7826
15.9966,20.6228,0.2,0.322222,35607,46791
60.8047,7.68713,0.269444,0.0944444,14512,35573
40.9595,25.2103,0.616667,0.075,38869,6671
60.7681,4.6464,0.645833,0.211111,36121,8025
58.0823,10.6879,0.645833,0.397222,42656,56440
5.45926,12.621,0.786111,0.402083,53186,44253
27.6407,13.0972,1.0,0.15,3164,52596
55.228,6.82733,0.05625,0.65,48403,48000
15.8197,14.1216,1.0,0.155556,8331,32361
29.0491,0.53429,1.0,0.241667,26234,27423
21.6771,11.8645,0.1625,0.396875,18410,33197
10.4304,10.086,0.194444,0.852083,31298,2003
32.0721,17.4776,0.363889,0.325,5120,31819
34.9477,16.6417,1.0,0.197917,41114,25992
51.88,1.04184,0.130556,0.564583,47701,28966
17.2768,11.2633,0.595833,0.438889,35181,4811
12.2465,23.2935,1.0,0.152083,52753,23762
3.86966,17.8666,0.40625,0.303125,39799,9679
11.9959,13.1216,0.275,0.233333,23114,15601
51.2139,4.09412,0.477778,0.325,11967,51946
4.98005,8.53837,0.363889,0.263889,42624,32301
60.1611,6.49425,0.155556,0.0541667,43274,53548
49.4807,0.0872977,0.597222,0.416667,8346,45667
30.4296,9.18983,1.0,0.2375,18391,33323
46.4076,16.6273,0.163889,0.444444,19935,9533
27.5366,16.0447,1.0,0.511111,23217,17330
18.8193,8.02477,0.155556,0.602778,10469,56307
41.966,16.0801,0.422222,0.0888889,33167,4084
40.2056,18.8432,0.569444,0.6,35413,49825
5.43803,7.25879,0.963889,0.204167,36937,18595
34.1464,1.51272,0.130556,0.577778,22414,6440
1.60376,14.7205,1.0,0.614583,16853,15712
25.1376,12.6671,1.0,0.461111,14917,31816
67.3682,12.5978,0.08125,0.263889,20083,39133
5.36087,1.05399,0.347917,0.172222,11260,20830
20.4327,21.1866,1.0,0.330556,27458,26697
58.2548,4.66882,0.935417,0.119444,37168,21297
44.0696,19.9428,0.394444,0.633333,23338,50211
27.6833,3.95514,0.864583,0.344444,31897,40998
27.5128,11.6387,1.0,0.180556,1518,50878
17.5358,7.35172,0.275,0.3375,19043,1461
45.406,6.41563,0.711111,0.863889,51711,17810
15.2968,13.1729,0.147917,0.0583333,55430,57154
33.2807,13.0329,1.0,0.130556,11055,44164
41.4978,11.7839,0.235417,0.383333,57409,54733
74.5883,4.72987,0.229167,0.80625,1037,46725
9.80694,3.29681,0.2125,0.122222,55913,38914
30.3865,6.06169,0.19375,0.939583,44574,23217
31.1686,2.78632,0.122917,0.18125,40511,38419
42.9828,12.35,0.214583,0.55625,6547,44564
48.4351,4.97838,0.197917,0.521875,41467,48886
61.3396,13.355,0.35,0.136111,23651,1126
10.8438,14.9826,0.0520833,0.691667,53360,37921
31.013,6.21924,0.09375,0.25625,3083,43763
45.5393,1.25449,0.245833,0.441667,35498,8048
13.4564,5.1834,0.919444,0.252778,275,45710
27.7632,6.94238,0.360417,0.484375,28299,38189
60.5091,8.99333,0.783333,0.466667,36056,23683
47.5907,15.4313,1.0,0.730556,43148,28308
14.7642,21.1413,0.628125,1.0,13495,27867
39.5024,15.4806,0.14375,0.791667,24589,47281
28.3492,6.25546,0.220833,0.147222,2213,4639
20.8855,11.5619,0.854167,0.261111,19934,40022
40.9933,9.44262,1.0,0.363889,31068,36691
27.1572,4.55574,0.296875,0.194444,34385,23470
59.7714,17.3518,0.104167,0.511111,21354,57069
22.1051,10.2991,0.275,0.266667,53471,20861
21.9788,17.7195,0.511111,0.1,45934,35104
86.3359,17.6403,1.0,0.291667,25608,7713
3.90411,5.1014,0.333333,0.133333,27203,34008
18.7328,13.8238,0.230556,0.920833,4572,1581
9.59384,22.9603,0.247917,0.166667,47206,7049
79.2035,5.19658,0.110417,0.653125,6565,41073
28.0553,9.23163,0.3,0.133333,1027,5692
23.993,27.1427,0.152083,0.3375,7281,22264
42.7221,18.6191,0.13125,1.0,31306,22279
27.1442,14.4113,1.0,0.0666667,12965,44012
43.9505,13.8931,1.0,0.633333,9535,30394
52.7816,12.3792,0.122917,0.44375,54489,35798
6.31233,17.4597,0.216667,0.210417,50679,27475
72.4974,5.31713,0.377083,0.113889,22855,31985
74.1474,10.4925,0.808333,0.169444,28154,54255
50.7021,14.8045,0.311111,0.1,20277,35193
68.9588,6.38198,1.0,0.216667,44310,26887
30.0354,16.874,0.0583333,0.819444,53324,21515
10.2855,9.00142,0.210417,0.1,50615,42638
28.2945,12.2962,0.935417,0.286111,16283,53229
12.084,7.53844,0.11875,0.852083,11818,46627
20.4269,15.5034,0.375,0.155556,32830,7166
39.9221,12.9436,0.316667,0.202778,34524,17758
20.642,7.08061,0.522917,0.308333,28540,41857
31.5063,11.7299,1.0,0.172222,3240,7005
5.50601,8.77844,0.772917,0.254167,11823,14239
33.5635,13.3728,0.122917,0.427778,51040,13364
53.3682,19.5385,1.0,0.102778,50204,50768
54.5322,1.81369,1.0,1.0,39643,31820
18.2872,3.77101,1.0,0.152778,48892,44899
41.652,21.9176,0.652778,0.222222,422,50331
4.3417,2.62516,0.60625,0.0833333,13845,38065
3.44804,16.6038,0.219444,0.0722222,44737,44681
41.1238,3.10382,1.0,0.395833,16242,47475
29.9207,14.8641,1.0,0.422917,55732,17946
26.0199,6.22398,0.389583,0.7875,32259,47354
54.9304,10.6807,0.61875,0.486111,25485,42530
31.3994,9.90768,0.45625,0.4875,39477,1981
34.4707,8.88286,1.0,0.230556,11979,39602
32.5532,14.7786,0.483333,0.291667,37976,46914
57.8976,5.84758,0.68125,0.7,44046,35248
40.6024,9.4067,0.3,0.2375,22534,20085
36.3667,23.223,0.927083,0.266667,53919,23716
41.1972,0.855474,0.336111,0.369444,50003,50391
19.8559,18.8865,0.779167,0.28125,34246,35126
76.9843,6.64082,0.239583,0.0916667,5450,43769
48.8408,5.748,0.204167,0.164583,36312,32470
43.2118,8.18155,0.452083,0.508333,56530,12546
68.7569,14.6514,0.475,0.544444,55717,44020
24.7796,2.70342,0.375,0.3,54252,39109
20.3218,19.6665,1.0,0.413889,47060,34333
89.6939,14.0797,0.0777778,0.419444,27002,45654
57.7811,6.67568,0.08125,0.434375,21583,21529
17.6752,7.3086,0.225,0.309375,27566,39593
27.2969,17.7796,0.544444,0.1625,34188,27094
34.799,15.8493,0.870833,0.220833,42520,36197
37.1628,17.0543,1.0,0.630556,16742,48803
17.1269,4.09137,0.7625,0.416667,43643,13795
24.9997,13.1147,0.0708333,0.183333,12036,17406
46.091,16.3272,0.94375,0.638889,33917,11837
39.6162,8.88903,0.245833,0.527778,50370,15734
18.3102,3.18995,0.266667,0.346875,11219,643
18.896,22.1764,1.0,0.81875,6374,18914
40.2249,19.8376,1.0,0.183333,10554,44808
22.1221,11.8019,0.25,0.1125,6234,10949
6.52121,12.8671,0.260417,0.691667,16920,35563
43.1388,10.9571,0.170833,0.616667,9750,1493
25.2802,8.50632,0.997917,0.0611111,42574,34597
66.0691,2.73436,0.304167,0.76875,48912,23287
16.0923,0.00766477,0.370833,0.402083,6965,40796
34.4365,16.4527,0.56875,0.325,12034,47214
13.8411,4.49779,0.472917,0.339583,19890,50538
36.5019,1.51882,0.297222,0.221875,22887,10939
21.1227,11.663,0.425,0.0888889,56333,8289
33.5025,17.5281,0.135417,0.138889,36915,49400
28.0688,16.6197,0.829167,0.0972222,19692,50865
27.5674,11.708,1.0,0.888889,17718,21485
33.9852,9.62948,0.516667,0.325,15459,36331
24.5262,14.1748,0.76875,0.129167,40306,17169
36.6414,5.61547,1.0,0.48125,9866,54981
24.9606,16.0061,0.510417,0.25625,56629,17989
40.0228,1.36704,0.185417,0.127778,44470,54426
14.9502,11.0753,0.8,0.864583,10166,17375
53.1076,22.8911,0.0479167,0.160417,23026,29122
37.2495,2.38946,0.8125,0.102778,12376,35369
6.98011,1.31804,0.283333,0.4625,21789,6315
23.2261,24.5529,0.1875,0.647917,29174,25076
15.8768,4.98877,0.216667,1.0,45433,11854
65.5243,5.28256,0.215625,0.229167,31977,23983
25.392,3.85866,0.270833,0.983333,6412,39391
56.2129,7.08452,0.158333,0.366667,7177,40671
9.4905,9.91194,0.336111,0.7,51765,21698
46.3822,19.9179,0.16875,0.410417,3294,27814
31.5152,11.5159,1.0,0.960417,38019,25181
36.0112,2.51589,1.0,0.127083,5283,56267
34.5541,7.78523,0.375,0.595833,49116,5735
23.138,1.38361,1.0,0.427778,1873,53664
53.4719,5.06797,0.183333,0.758333,1914,22020
22.2644,9.57963,0.829167,0.383333,40245,52579
17.1971,2.14256,0.458333,0.316667,18406,49033
38.4515,11.611,0.345833,0.291667,44869,48358
33.2298,4.31784,0.491667,0.329167,33969,55224
50.2635,2.79922,0.10625,0.308333,43550,52410
67.3737,17.4704,1.0,0.294444,10427,54994
26.51,3.86001,0.308333,0.380556,55548,53384
44.2411,16.0495,0.38125,0.4,48133,52561
70.386,4.52132,0.125,0.389583,29870,17201
48.6543,9.3868,1.0,0.197222,51786,40400
36.1064,7.01754,0.352778,0.0416667,42426,8436
18.0804,11.0239,0.539583,0.458333,41426,23930
49.0368,7.92363,1.0,0.611111,39549,4108
15.6256,17.0284,0.344444,0.228125,27883,38167
57.5183,13.4517,1.0,0.2,41394,42593
55.1173,1.54773,0.627778,0.719444,14622,29381
36.3041,5.68522,0.527083,0.205556,38207,12512
62.2458,17.3577,0.229167,0.0895833,19509,41897
34.6599,16.6259,0.33125,0.544444,12939,26600
25.6512,15.4808,0.35625,0.0861111,9366,264
14.0677,13.7734,0.347917,0.24375,33627,49572
28.7773,10.988,0.29375,0.327083,34999,35229
39.6395,9.17657,1.0,1.0,29985,54038
12.3446,8.3597,0.161111,0.4875,57251,24541
50.0103,1.76574,1.0,0.546875,10703,25318
32.2103,4.21892,0.595833,0.697222,51652,22788
59.3194,27.2041,0.433333,0.922917,42972,17985
27.4813,12.2555,0.635417,0.839583,47157,31660
28.0365,15.5982,0.647917,0.9,28609,46067
28.9893,16.2019,1.0,0.260417,34075,36837
16.1768,7.946,0.0708333,0.525,53449,7626
40.662,0.377485,1.0,0.920833,6652,50105
23.7426,10.5547,1.0,0.0972222,57263,54444
24.7921,3.28213,0.836111,0.1875,39042,50194
55.1463,13.3087,0.552083,1.0,5278,56438
14.2496,10.2721,0.4,0.1,48137,49540
44.3177,28.6644,1.0,0.327083,9842,52818
47.5237,12.9296,0.86875,0.15625,29969,6260
17.1867,10.2932,0.391667,0.153125,49936,50681
1.57891,22.7032,0.05,1.0,16714,44193
7.25701,10.9638,1.0,0.125,17760,24373
49.7077,0.523634,0.635417,0.596875,39879,678
11.5883,15.1501,0.845833,0.308333,42761,35867
3.8437,7.37672,0.0583333,0.169444,51578,50066
47.3872,3.25823,0.505556,0.111111,48448,39961
56.8382,9.16601,1.0,0.786111,2695,39283
9.52861,16.0201,0.264583,0.158333,25281,56412
45.0365,1.71484,0.322222,0.233333,46171,23558
8.83367,15.8295,1.0,0.621875,20443,11693
44.5532,9.27008,0.18125,0.580556,22634,28298
24.2633,14.522,0.239583,0.0458333,50719,53631
40.4168,11.1569,0.0645833,0.647222,6856,25755
36.384,11.6863,0.16875,0.233333,40931,47891
80.5795,9.38287,0.729167,0.534375,4489,7695
65.3926,8.53398,0.670833,0.188889,48030,13180
19.3346,13.536,0.727778,0.208333,50390,10686
30.9951,21.1463,0.1375,0.280556,20333,43347
49.4692,14.0481,0.938889,0.288889,4965,22382
26.3846,11.4692,0.93125,0.205556,56554,44435
41.8856,13.5144,0.536111,0.836111,11152,53741
42.4639,10.7042,0.93125,0.05625,33207,4248
31.2546,5.16778,0.439583,0.447917,45572,22919
16.534,16.0538,0.979167,0.425,717,8451
84.2602,19.488,0.155556,0.655556,45717,57353
0.782608,9.77323,0.122917,0.39375,42493,5176
69.7563,4.49979,0.95,0.0972222,20060,12598
72.053,3.68448,0.752083,0.280556,26457,20782
64.1507,8.53658,0.266667,0.344444,18928,30787
69.7333,10.6354,0.95625,0.0861111,39219,42244
1.64082,8.49551,0.127083,0.636111,47133,39498
30.2305,9.22385,1.0,0.619444,6934,49200
16.083,10.6827,0.195833,0.266667,8194,54743
22.5946,22.2369,1.0,0.644444,19160,46853
41.7257,10.2471,1.0,0.878125,14470,55724
32.4198,6.32532,0.28125,0.0895833,55350,51490
16.8502,11.6717,0.183333,0.311111,40227,26573
19.9728,7.01876,0.914583,0.666667,7783,9716
26.5169,17.7276,0.425,0.833333,57057,20186
8.18269,3.822,0.160417,0.152778,43243,8399
7.10783,10.247,1.0,0.570833,57507,38190
16.673,5.57596,0.120833,0.225,50555,22941
13.7541,3.54419,0.24375,0.730556,34443,26812
36.2217,1.78806,0.260417,0.364583,55538,30830
5.13909,11.9041,1.0,0.375,8619,23954
53.1522,15.4006,1.0,0.191667,29902,44315
33.4223,10.8881,0.0916667,0.06875,53893,2987
68.7574,2.06355,0.241667,0.0444444,53779,33820
55.3869,9.38054,0.129167,0.222222,26778,11277
28.5551,19.6713,0.4875,0.175,35193,23318
62.2358,20.6481,0.358333,0.508333,10560,7540
33.9956,4.05073,0.464583,0.316667,49077,13572
48.6996,10.7859,0.689583,0.3,4315,9144
19.0424,8.62849,1.0,0.213889,50209,32727
16.888,2.90268,0.51875,1.0,51282,41937
34.8312,13.8734,0.953125,0.228125,24374,27253
51.4618,12.7041,0.383333,0.394444,30622,54121
5.7363,17.385,0.822222,0.471875,11898,6148
22.602,21.1927,0.46875,0.355556,22207,41842
43.6651,9.44039,0.15,0.408333,44104,39511
2.70842,15.0,0.45,0.341667,53493,34679
26.6936,9.47413,1.0,1.0,13516,43876
58.8379,12.5439,1.0,0.147222,50984,14640
23.7385,10.6221,1.0,0.705556,23203,27479
58.501,11.6969,0.05625,0.839583,50230,26978
18.2223,8.83939,0.1,1.0,17335,32614
34.0285,17.4573,1.0,0.689583,31882,11150
51.8613,10.7349,0.297917,0.366667,5092,47333
15.375,8.46389,0.794444,0.188889,12442,11144
23.1644,9.1656,1.0,0.302083,52171,49734
28.5434,8.42264,1.0,0.655556,34241,51763
34.7714,14.5797,0.139583,0.2375,10563,22427
14.7045,9.99222,0.980556,0.135417,42230,29235
10.1785,15.3832,0.163889,0.1,39312,6016
14.2822,4.84364,0.522917,0.527778,51703,30044
63.8736,4.63172,0.341667,0.766667,26690,44140
8.47364,15.5526,0.380556,0.691667,37174,17331
51.7724,9.12933,0.5625,0.741667,50448,35689
45.8445,3.06342,1.0,0.438889,10549,36870
8.81779,3.62215,0.466667,0.677778,50534,24501
44.8464,12.4225,0.170833,0.327083,34011,21001
58.6247,3.28395,0.522917,0.241667,11062,38671
12.0891,5.47456,1.0,0.583333,34998,33183
15.1143,12.4785,0.169444,0.314583,32482,51355
45.5445,11.9275,0.127083,0.6125,57080,19261
21.123,6.1656,0.366667,0.0833333,25090,46996
13.3457,19.4021,0.614583,0.2,5482,26166
40.0095,6.74918,0.1125,0.214583,33196,406
19.155,2.49056,0.0604167,0.183333,32426,10833
32.6964,7.90096,0.99375,0.205556,9236,24964
40.1906,4.71855,0.502083,0.390625,25185,28330
58.1615,20.3188,1.0,0.81875,27554,13618
54.148,6.5153,0.104167,0.627083,49427,3645
20.377,2.38121,0.3,0.147917,17429,4888
11.3645,3.11349,0.447222,0.164583,33539,8357
21.9879,6.31103,0.289583,0.463889,32253,56975
45.7977,17.2905,0.152083,0.583333,52791,11100
43.3152,5.71786,0.872917,0.777083,5437,41512
35.2011,19.782,1.0,0.177778,56774,8609
1.78557,17.5466,0.197222,0.522917,7017,28979
23.9421,0.732302,0.166667,0.238889,53616,39277
21.0579,9.85935,0.327083,0.427778,52585,39397
9.96728,2.32018,0.116667,0.288889,22579,19235
31.1011,14.9514,1.0,0.636111,7223,18695
36.0297,11.082,0.152778,0.125,11562,11335
20.804,2.44679,0.0854167,0.216667,48301,4111
8.62904,3.38471,0.483333,0.252778,18481,9900
43.5024,15.5818,0.7,0.214583,16627,5455
21.8553,3.02778,0.333333,0.525,15934,14120
13.7606,2.74385,1.0,0.839583,43780,43649
75.3498,5.6167,0.0916667,0.122917,16948,14090
63.4736,12.374,0.141667,0.235417,20662,57402
63.1835,2.12093,1.0,0.477778,13404,7153
11.5836,16.8189,1.0,0.277778,22654,962
31.942,15.4535,0.341667,0.20625,49774,40695
5.39207,24.0143,0.09375,1.0,41752,50696
16.7608,14.0141,0.258333,0.663889,56475,27600
40.1556,9.93857,1.0,0.465625,9665,27656
17.6127,9.47472,0.404167,1.0,46546,33602
12.1454,14.3022,0.289583,0.0541667,41442,6345
33.2832,9.08932,1.0,1.0,33251,55574
40.1301,6.85942,0.0416667,0.344444,48351,9702
40.8947,6.81395,0.297917,0.391667,25158,26117
25.8473,17.9474,1.0,0.325,499,4926
36.1427,17.7778,0.516667,0.355556,45350,2278
25.3591,16.8982,0.841667,0.363889,51917,23691
9.18364,7.41611,0.166667,0.75625,13400,21744
19.5192,12.2192,0.941667,0.480556,25806,37542
62.5516,6.86899,0.402083,0.952778,52103,34592
64.63,2.45437,0.714583,0.36875,25338,43971
42.6053,10.4609,0.214583,0.916667,2840,33340
69.0894,6.21224,0.0645833,0.558333,45186,43020
28.7705,10.7968,1.0,0.422222,47113,26263
30.3899,3.39679,0.41875,0.395833,8296,24322
14.4128,13.0953,0.158333,0.805556,57110,42870
50.6505,12.4629,0.608333,0.7375,25271,39767
24.7315,5.27067,0.0541667,0.127778,49973,55696
13.0193,10.2035,0.720833,0.908333,9855,12934
34.5423,7.89907,0.1,0.394444,42322,3442
50.9756,2.88529,1.0,0.266667,12292,52499
34.2584,8.95004,0.4125,0.104167,40115,37140
51.0522,6.52819,0.466667,0.690625,50014,14755
59.9748,7.29039,1.0,0.558333,52896,31926
14.8607,13.0897,0.0854167,0.516667,17471,9478
27.3072,12.4771,0.21875,0.536111,48983,31915
37.0776,25.7396,0.1125,0.428125,57519,14312
21.6121,19.949,1.0,0.25,48534,44072
15.4145,8.84211,0.603125,0.119444,14075,49103
25.0671,3.89891,0.294444,0.566667,41920,51182
23.5161,14.4246,0.313889,0.46875,31513,38801
64.8719,16.0152,0.985417,0.713889,43752,14567
56.7095,14.0148,0.2,0.322222,286,11079
32.1039,14.0868,1.0,0.34375,3323,37034
4.89635,16.6665,0.461111,0.664583,39327,57274
12.7908,6.48256,0.408333,0.608333,16829,56207
35.4085,19.042,1.0,0.74375,11200,19894
44.6816,7.57757,0.635417,0.572917,54150,56408
44.945,10.1486,0.0666667,0.130556,52255,11613
43.6509,21.3502,0.247917,0.0694444,14485,3010
76.8348,12.1429,0.110417,0.358333,13464,17078
54.0575,12.3049,0.916667,0.76875,48712,44606
49.7874,1.74493,0.547917,0.538889,8564,47481
36.8518,19.366,0.672917,0.711111,56574,7394
57.2645,10.7698,0.752778,0.402778,32734,18570
37.9964,2.26895,0.288889,0.35,27652,3564
38.6105,16.9698,0.727083,0.622917,44478,17121
4.25742,5.68925,0.0479167,0.322222,4973,23002
17.3438,0.348028,0.95,0.303125,8659,33690
6.54389,12.1731,0.110417,0.922222,20771,52540
8.02938,16.3537,1.0,0.252778,7734,36216
14.0766,12.2551,1.0,0.791667,20980,39392
59.213,10.2389,1.0,0.188889,47506,28357
0.43216,10.055,1.0,0.7625,47335,35746
42.0673,7.64009,0.0625,0.620833,26316,45355
44.418,7.22392,0.658333,0.102083,34762,43270
60.1303,15.8219,1.0,0.222222,22241,42417
61.5804,8.0883,0.2625,0.31875,24560,8472
33.5371,9.66193,1.0,0.584375,38826,49855
34.3004,7.5139,0.108333,1.0,51846,7038
17.7006,8.24951,0.145833,0.491667,11035,13365
99.1667,13.6703,0.216667,0.929167,35421,5422
9.54654,10.5121,1.0,0.1625,46030,34035
10.2429,10.4191,0.204167,0.2625,6925,42773
52.1283,13.9283,1.0,0.280556,8991,57332
17.8096,14.3362,1.0,0.216667,33803,45547
5.85916,8.86199,0.670833,0.136111,31662,22093
18.7408,15.9559,1.0,0.869444,49391,1936
47.1848,1.85102,1.0,0.427083,12072,22852
15.093,12.0866,1.0,0.554167,8308,18050
41.806,4.09993,1.0,0.152083,35051,36186
17.161,20.5632,0.66875,0.19375,46186,4312
31.6019,14.4111,1.0,0.225,8992,35409
40.9933,22.3342,0.566667,0.141667,24911,17029
47.833,3.4138,0.208333,0.35625,45146,54837
33.3354,12.3359,0.283333,0.255556,7803,15449
79.6349,15.9772,1.0,0.0583333,38023,1773
26.5746,7.81,0.13125,0.572222,25829,27389
57.8273,7.39588,0.139583,1.0,7983,44307
2.32273,1.86471,0.28125,0.25,36893,14287
8.88829,13.5322,0.927778,0.458333,23154,4573
34.2617,1.79339,0.0375,0.302083,6496,28572
11.6884,9.60446,0.447917,0.455556,22107,46542
33.5742,3.94756,0.172222,0.19375,55867,16372
5.73896,6.84182,0.183333,0.388889,27894,21330
69.9984,6.31007,0.0861111,0.140625,29504,7973
13.5494,12.4652,0.114583,0.541667,42874,50244
82.0443,9.16601,0.686111,0.328125,789,34606
35.6967,19.4743,0.375,0.325,33846,40406
15.176,3.77432,0.377778,0.258333,29386,52414
29.9791,6.16171,0.110417,0.283333,37445,7756
50.151,0.832398,0.714583,0.291667,6481,11908
63.5509,13.1431,0.68125,0.208333,21958,43433
16.2262,2.80084,0.185417,0.272222,8851,41703
29.1466,5.20303,0.219444,0.413889,8633,32850
12.0331,14.5451,0.294444,0.60625,28178,40657
32.5538,9.37812,0.302083,0.419444,13456,34148
15.3448,7.05595,0.166667,0.844444,30601,11131
59.4334,3.30759,1.0,0.444444,14666,2500
15.7089,6.00903,0.295833,0.688889,6687,22359
2.48244,12.7596,0.10625,0.263889,57053,39600
5.90748,7.96251,0.1375,0.119444,7891,16550
0.508357,18.8141,1.0,0.286111,13121,53216
10.6704,1.43829,0.620833,0.39375,3141,39075
76.2129,7.46727,0.364583,0.263889,15453,31253
56.0835,3.74309,1.0,0.272222,56821,25557
26.4607,12.1128,0.09375,0.864583,12915,25474
37.8167,15.916,1.0,0.20625,7194,47544
60.3967,8.77974,0.177778,0.269444,53151,27356
21.8753,5.14924,0.291667,0.0583333,28428,23696
42.879,12.9779,1.0,0.311111,13651,1878
6.74283,15.4244,0.59375,0.380556,36832,34573
36.9311,3.30809,0.64375,0.647917,20710,19170
67.8827,4.05891,0.8875,0.658333,5464,3918
23.7906,12.5387,0.21875,0.177778,42168,31942
67.6225,11.4992,0.108333,0.194444,35652,27935
30.4601,12.7761,0.202778,0.419444,13080,3617
16.6955,5.76974,0.586111,0.595833,16129,34037
37.845,11.0831,0.402083,0.2375,28620,43897
49.4847,6.87228,0.244444,0.204167,44761,55956
31.2133,14.185,1.0,0.413889,24286,12118
18.0576,1.28471,0.608333,0.336111,22871,46128
38.8079,2.275,0.402083,0.3,52709,17570
48.2837,1.75385,0.952083,0.188889,42233,53200
54.2644,18.8959,0.486111,0.33125,29445,27387
36.5452,12.2542,0.141667,0.56875,50325,6837
83.352,2.88827,0.344444,0.875,23285,3131
10.4936,12.0053,0.108333,0.0916667,54057,23682
49.0028,3.72541,0.230556,0.633333,18715,44806
36.1412,4.01672,0.65,0.602778,38051,25430
59.1836,5.55258,0.158333,0.333333,3066,35695
76.5695,15.0732,0.85,0.272917,19075,19236
29.9783,13.5186,0.05625,0.427778,52898,41810
48.0204,18.8865,0.102083,0.310417,29199,41961
23.5426,13.1642,0.608333,0.827778,23921,29189
46.8905,9.47711,0.722222,0.280556,28132,46602
31.3987,16.0244,0.76875,0.278125,46886,40299
27.2702,12.1645,0.777083,0.777778,17846,31563
40.559,12.6646,1.0,0.225,7138,33409
40.4465,14.6911,0.1,0.271875,3692,8428
35.897,11.816,0.120833,0.0944444,35755,42484
47.5902,6.90567,0.13125,0.225,39511,38679
78.6003,19.7416,0.889583,0.904167,3587,11537
16.0154,16.514,0.991667,0.277083,32381,21417
82.4629,14.0835,0.186111,0.0638889,48486,34676
51.9723,11.2637,1.0,0.383333,17294,56854
78.699,16.1466,0.208333,0.364583,7035,20754
27.7149,8.76165,0.0291667,0.280556,14626,16346
44.9243,9.02415,1.0,0.366667,47462,41256
50.8313,8.63393,0.547222,0.175,32147,55947
10.5246,28.0643,0.304167,0.141667,26176,48981
64.3901,20.8368,0.39375,0.347917,42045,2584
49.6733,10.0764,0.0875,0.480556,34361,35399
34.7224,2.81101,1.0,0.552778,14207,36576
36.6936,14.7051,0.408333,0.366667,11882,24303
8.77852,18.4192,0.872222,0.325,46165,2221
39.3526,16.5696,0.880556,0.761111,22746,32780
47.828,17.7879,0.4,0.116667,31499,27117
15.5234,5.14018,0.164583,0.452083,14537,7757
17.087,2.68958,0.141667,0.808333,41472,9828
44.9192,11.3903,0.152778,0.472917,57279,6373
43.4801,2.1924,1.0,0.354167,26179,52017
44.0208,2.88876,1.0,0.172222,10432,37002
5.00987,9.10195,0.2,0.265625,44883,53415
30.8726,1.13611,0.180556,0.291667,21788,48268
5.1196,12.2706,0.463889,0.127778,46915,5728
11.0304,15.6872,1.0,0.2,22885,39376
26.0297,1.96936,1.0,0.314583,20987,3629
54.8797,6.16377,0.589583,0.50625,29641,48178
10.9242,1.66453,1.0,0.6875,25592,55071
58.2984,11.2253,0.527083,0.102778,55191,37181
27.2732,8.65051,0.71875,0.766667,43245,1474
76.082,2.32219,0.370833,0.21875,8707,23288
26.3889,14.7453,0.366667,0.308333,4194,26747
62.8098,13.7701,0.391667,0.0777778,44977,38783
22.4784,3.63924,0.133333,0.534375,29004,56541
36.3486,5.90181,0.70625,1.0,3076,33454
72.6734,4.49782,1.0,0.386111,9990,14664
42.2021,8.23455,0.247917,0.141667,17796,561
44.9405,5.57909,0.0979167,0.675,34337,56605
16.9301,1.2564,0.210417,0.927083,21264,43341
15.401,6.16979,0.06875,0.241667,1862,17987
5.24626,6.32845,1.0,0.1,31903,13741
46.4185,11.208,0.527083,0.425,23179,55311
34.7185,9.37011,1.0,0.45,26794,37535
22.8956,16.8795,1.0,0.153125,45369,7927
46.355,9.03518,0.377083,0.663889,24963,43271
12.3395,1.51113,1.0,0.419444,16092,13554
11.664,10.477,0.0666667,0.247222,5343,20428
44.2552,14.314,1.0,0.291667,3722,8928
15.9005,13.0381,1.0,0.104167,1321,8549
62.6925,17.2661,0.616667,0.222222,38875,29794
30.5718,8.6397,0.0958333,0.220833,27807,7171
45.6395,9.81616,0.58125,0.196875,14271,12998
27.0424,14.7318,0.441667,0.3125,33747,15690
14.9226,9.3939,1.0,0.947917,1848,42330
48.8741,7.10809,0.913889,0.222222,53994,38344
19.9604,9.52948,0.15,0.361111,31529,32306
26.9631,2.08725,0.2375,0.738889,3891,23370
53.9445,3.6955,0.347917,0.158333,38040,39221
15.9033,9.58879,0.139583,0.361111,31926,3310
68.0635,4.62621,1.0,0.216667,24031,15418
49.3379,3.26116,0.420833,0.630556,34615,46992
55.095,2.51512,0.1125,0.763889,36997,19124
32.8113,8.00875,0.10625,0.5375,38386,16788
5.25373,8.42977,0.0895833,0.0833333,29553,43215
30.8496,21.3948,1.0,0.208333,55722,22737
27.0059,6.18948,0.247917,0.672917,4790,21492
19.4674,13.2647,0.252083,0.458333,47695,53019
23.7255,13.0799,0.26875,0.527778,34327,29151
44.9267,8.63798,0.13125,0.3625,18713,7849
32.186,12.3081,0.127083,0.297222,45125,10641
30.1183,6.25994,0.735417,0.138889,4883,23713
55.0826,1.79123,1.0,0.141667,31254,30092
30.7019,7.60115,0.444444,0.29375,11549,18648
14.6294,20.2455,0.14375,0.455556,42342,4496
28.2868,9.36556,0.988889,0.572222,24195,27193
28.2828,2.18156,0.76875,0.559375,18480,4693
45.0543,19.1353,0.875,0.425,1980,53944
28.2292,12.5241,0.0354167,0.316667,7382,21053
45.203,7.39129,0.447222,0.225,14288,28196
51.085,13.9853,0.125,0.125,13233,25723
54.9505,4.17433,0.895833,0.295833,56706,7696
38.5913,9.91089,0.1,0.872222,50330,1205
32.0176,4.08968,0.172917,0.258333,33711,53561
34.2461,3.52593,1.0,0.14375,37676,48085
26.0037,3.51486,0.2375,0.0666667,43689,24461
20.1621,13.517,0.985417,0.536111,43402,6686
17.255,10.9239,0.361111,0.263889,31366,14626
19.9936,11.2817,0.254167,0.205556,57203,27852
4.53456,10.2213,0.510417,0.519444,41321,56721
24.1945,2.05768,0.108333,0.188889,52707,54980
69.3373,5.3959,0.339583,0.213889,20552,19819
24.3445,17.1823,0.722917,0.285417,56102,8800
25.0913,3.4584,1.0,0.30625,52929,25062
66.9988,4.75554,0.464583,0.305556,47476,14495
14.2625,27.1383,0.7875,0.408333,11934,5543
22.2397,14.6759,0.175,0.877778,29295,2868
37.342,8.63123,1.0,0.35,12781,20683
25.1683,5.15676,0.629167,0.644444,54165,23985
74.5097,12.0899,1.0,0.391667,4660,17387
16.4608,11.0139,0.154167,0.297222,38867,43900
17.4147,9.66719,0.136111,0.147222,18867,2789
45.0571,9.50161,0.09375,0.425,19592,40570
11.685,9.86992,0.09375,0.494444,27324,32014
53.7411,3.84263,0.211111,0.508333,18088,14395
50.9888,12.3052,0.4875,0.2875,47529,47093
55.8257,7.00244,1.0,0.3875,1043,37669
42.0391,11.4466,0.135417,0.294444,51752,9482
6.83645,6.8924,0.433333,0.894444,36794,20602
62.566,21.6972,0.0791667,0.405556,30075,28988
47.5525,15.8582,0.185417,0.244444,43514,48201
35.2922,1.67535,0.1,0.63125,42666,17728
85.6044,9.22818,0.516667,0.125,53960,3896
37.0933,14.8093,0.0770833,0.59375,3800,29765
39.4076,5.88722,0.394444,0.4375,50814,32900
11.5902,0.839036,0.458333,0.0805556,24727,11793
6.11381,12.014,1.0,0.622917,21669,50936
28.4336,15.0,0.277083,0.640625,24456,43708
61.397,16.7801,0.141667,0.547222,36017,20905
46.068,13.7213,0.975,0.122917,6880,52516
55.5129,12.3017,0.0895833,0.38125,14116,25217
55.1232,6.84441,0.7375,0.213889,35876,20616
57.4794,10.6554,1.0,0.0861111,8152,26855
28.3798,10.9606,0.164583,0.194444,23166,33830
54.9858,16.3729,0.347222,0.502778,36720,982
25.1504,8.96819,0.545833,0.891667,23536,11029
35.1058,7.25695,0.360417,0.135417,16753,41024
40.0119,7.82029,0.50625,0.316667,56058,25823
8.36811,3.77187,1.0,0.25,33943,48065
15.9428,23.2012,1.0,0.578125,41249,43182
8.05411,17.0925,1.0,0.583333,14706,26897
60.9003,13.6408,0.0583333,0.575,26758,33680
58.663,10.3392,0.108333,0.308333,31554,35891
15.2871,16.9004,0.075,0.383333,44596,4908
20.4602,2.71935,0.204167,0.277778,43827,29083
40.7112,11.7004,0.183333,0.205556,45468,41914
24.3116,9.02118,0.139583,0.391667,42387,55495
4.51104,4.98433,0.539583,0.377083,30730,56286
15.0945,5.28887,0.520833,0.104167,48884,17671
20.0926,19.2285,0.133333,0.265625,13749,3143
49.3045,4.99694,0.325,0.6,18049,35956
48.7823,10.2503,0.210417,0.34375,32687,56539
32.6907,6.72718,0.99375,1.0,50266,17708
30.9529,6.87312,1.0,0.0638889,50941,35049
13.1437,10.1605,1.0,0.580556,57444,52956
28.0819,14.4679,1.0,0.0895833,30100,38797
63.3693,4.37374,1.0,0.0888889,22946,43998
58.2932,16.7856,0.241667,0.334375,30482,44266
28.823,4.6732,0.15,0.586111,20463,29539
24.4868,2.52806,0.513889,0.56875,34430,34657
58.1433,9.49981,0.608333,0.264583,43774,39091
20.6023,7.96908,1.0,0.629167,54073,41399
9.17752,16.9108,1.0,0.05625,56287,19359
43.2814,25.7017,0.113889,0.483333,15792,5787
17.6367,10.4845,0.58125,1.0,19607,27507
27.6803,14.7232,0.175,0.127778,23941,46883
32.0613,5.31365,1.0,0.446875,55196,47400
36.6802,9.76786,0.133333,0.222222,23676,24628
61.3404,11.1519,0.104167,0.175,28608,34974
10.5552,6.52912,0.572222,0.230556,44539,38234
4.04799,12.4239,0.183333,0.208333,32277,14018
5.80157,3.8091,0.461111,0.841667,48790,52854
21.497,18.6301,0.419444,0.225,53218,8602
8.86263,5.79317,0.183333,0.252778,32442,4313
15.6667,16.4032,0.497917,0.786111,26392,42210
68.4833,7.08009,0.322917,0.158333,441,22088
34.0994,17.2218,0.39375,0.1,4502,8828
33.7117,8.48242,1.0,0.205556,27445,52344
16.5752,13.1841,0.1625,0.555556,28822,30404
39.274,0.857573,0.686111,0.546875,45657,45141
26.1548,11.6125,0.886111,0.35625,30053,19775
2.38584,9.38301,0.527083,0.463889,42043,27273
64.7696,2.41898,1.0,0.472917,7576,50310
12.8753,14.2087,0.1875,0.45625,26462,12772
64.0731,4.92388,1.0,0.997222,47764,24745
13.2944,7.38948,0.702083,0.555556,44975,26859
9.37172,11.8053,0.1875,0.372917,41927,48425
61.971,0.828542,0.955556,0.320833,3414,57077
9.27491,18.1343,1.0,0.838889,38508,40363
7.27975,14.122,0.0895833,0.611111,44086,22773
32.1402,4.61946,1.0,0.79375,34587,23343
24.92,23.4125,0.625,0.225,11848,9192
64.0572,8.37655,1.0,0.286111,20224,45253
48.5934,18.7972,0.06875,0.384375,1009,28550
41.4115,29.7642,0.120833,0.344444,23368,39096
41.7158,16.4559,0.09375,0.244444,40139,38008
3.59402,22.3945,0.189583,0.969444,46564,6279
64.8054,10.4426,0.308333,0.486111,4392,6285
43.9192,23.5673,0.2125,0.75,56727,7796
6.385,8.33604,0.466667,0.788889,56783,9996
56.8661,1.29215,0.54375,0.533333,6440,54484
5.22594,5.12083,0.24375,0.775,1846,50616
28.1671,1.72514,0.05,0.3,37919,3137
54.7363,10.1463,0.195833,0.4,45990,10249
69.7307,13.7579,1.0,0.297222,38438,39019
38.4177,10.3425,0.147917,0.0916667,38923,52607
16.2977,14.1589,0.172917,0.291667,54257,5633
1.61235,5.76655,1.0,0.872917,2144,10318
37.5605,14.3167,0.835417,0.935417,10865,44392
37.7095,11.5524,0.06875,0.29375,55585,44761
59.6152,13.7685,0.110417,0.64375,52578,18734
44.5432,5.91246,0.120833,0.380556,33464,55423
25.2211,4.11305,0.0958333,0.255556,3116,53881
33.6725,3.33682,0.225,0.580556,38432,3240
24.7256,9.05604,0.389583,0.4,25685,23967
5.39731,3.4259,0.160417,0.222222,21330,12346
46.8965,21.5668,0.216667,0.361111,8710,19953
18.75,17.4876,0.394444,0.508333,43408,9095
42.7093,11.3313,0.322917,0.25,49348,12849
60.0181,10.9341,1.0,0.272222,48029,21999
30.6047,14.9425,0.454167,0.197222,1026,29931
68.2259,6.1937,0.805556,0.127778,55643,51748
23.3776,15.5504,0.535417,0.516667,56916,6831
10.4013,10.3256,0.133333,0.153125,39688,38449
31.9553,6.26685,0.370833,0.191667,24160,12918
33.9219,6.5317,1.0,0.554167,50553,26898
54.9848,17.5323,0.0895833,0.125,48850,49006
67.8846,17.2053,0.927083,0.236111,21902,32277
22.665,12.6581,0.075,0.261111,6094,36150
27.6931,12.4896,0.436111,0.213889,10033,23518
77.3584,2.54762,0.61875,0.0666667,54440,33753
54.4082,9.84681,1.0,0.130556,26051,290
34.249,10.7936,1.0,0.2875,28173,28055
21.5149,15.3751,0.35,0.413889,25732,48737
20.8496,7.45985,0.134375,0.516667,54704,7636
14.5733,8.39759,1.0,0.380556,41164,10895
32.9131,18.8564,1.0,0.433333,53809,29738
23.8551,12.7987,1.0,0.330556,21814,34178
38.5769,17.9687,0.163889,0.16875,48552,19027
51.3974,20.9075,0.85,0.520833,53304,18829
12.2887,9.69286,0.129167,0.247222,48815,51778
12.7756,7.37464,0.836111,0.415625,44163,26981
52.9377,16.9748,0.141667,0.266667,18205,43811
84.2856,20.7581,0.154167,0.566667,15694,36443
54.4494,7.16792,0.9,0.986111,57105,17544
22.9266,11.6436,1.0,0.425,33400,23819
27.4744,6.21347,0.169444,0.238889,43709,2046
34.4549,4.1554,0.729167,0.425,14932,53769
26.782,13.8608,0.154167,0.141667,36641,52695
5.97279,16.3786,0.0833333,0.480556,45907,56235
16.3331,4.08728,0.127778,0.4125,2129,16671
16.9229,11.1961,0.6125,0.211111,18762,53158
39.6171,1.53076,0.179167,0.366667,39360,466
14.9192,1.54137,0.216667,0.194444,3073,25087
6.06054,1.9393,0.413889,0.775,23259,14863
22.3865,4.71196,0.125,0.340625,29269,26174
9.92122,11.2011,0.175,0.475,26864,49466
21.4234,2.53533,0.297222,0.155556,32841,47951
87.2092,19.9234,0.394444,0.358333,34254,12304
56.848,1.4542,0.129167,0.513889,41587,24887
15.2982,8.01813,1.0,0.108333,24564,39806
58.9588,17.2821,0.820833,0.322222,50263,56249
9.21483,6.87974,0.05625,0.297222,23288,41911
11.1754,4.64484,0.61875,0.833333,49057,31590
35.3142,5.11694,0.0916667,0.527778,15365,37529
15.3319,0.784191,1.0,0.939583,30455,1095
9.08483,19.516,1.0,1.0,21916,535
33.3875,13.3775,0.275,0.375,19515,35592
2.8055,5.37299,1.0,0.120833,53811,30339
17.5163,21.2947,0.502778,0.222917,56040,50595
46.5416,12.4124,0.597222,0.472222,41058,51618
62.9737,20.3695,0.645833,0.129167,40240,51886
20.6437,11.6774,0.655556,0.752778,27168,15619
28.9592,9.91642,0.155556,0.511111,35467,46587
48.8757,16.8402,0.336111,0.311111,13148,24480
52.551,3.37184,0.219444,0.669444,46576,13815
15.5804,5.80592,0.29375,0.422222,53852,36578
27.1551,15.2844,0.616667,0.552778,51191,50233
32.0445,1.30147,0.0854167,0.291667,10321,32054
40.6238,13.4398,0.120833,0.897917,50995,56033
70.5151,19.4042,0.119444,0.220833,23573,10368
3.30663,7.89294,0.677083,0.141667,51102,13714
59.1538,4.07644,0.508333,0.329167,32913,39993
59.5373,0.802323,0.555556,0.111111,3089,662
9.29764,4.41982,0.263889,0.497222,38356,57503
47.6399,12.397,0.352083,0.25625,26517,41813
47.047,3.68045,0.766667,0.5375,87,21590
36.337,14.4971,1.0,0.994444,22430,16964
59.6963,15.8353,0.345833,0.139583,50525,8890
27.1066,12.6461,1.0,0.0583333,45010,9455
14.908,4.01858,0.14375,0.4,31233,37609
32.06,12.6556,0.158333,0.305556,55370,22659
30.3205,14.9285,0.208333,0.138889,8749,19849
26.8403,12.2919,0.397917,0.2625,45890,20197
63.9801,11.8401,0.389583,0.690625,26239,8989
26.2036,9.05798,0.527083,0.913889,19280,45530
18.8463,22.6837,0.15,0.0875,48315,6988
12.0485,11.1235,0.483333,0.825,42828,16213
33.8347,20.5891,1.0,0.230556,29797,56074
20.5363,13.6619,0.452083,0.119444,29679,14079
41.658,4.67199,1.0,0.302083,7581,34662
19.2225,3.40424,0.352083,0.461111,37066,31440
30.5464,12.7706,0.419444,0.716667,2660,49446
40.6591,11.5621,0.2,1.0,15732,52245
19.8109,8.19157,1.0,0.11875,23855,21831
9.11077,10.0969,1.0,1.0,37013,52897
33.4847,15.7624,0.2,0.675,33488,3168
14.3909,17.0019,1.0,0.452083,16396,19807
38.1093,7.28111,0.11875,0.108333,5094,55616
24.4684,9.50492,0.0520833,0.183333,25636,20329
10.3067,13.5195,1.0,0.166667,55390,38632
18.3736,16.214,0.164583,0.725,23796,32856
72.9649,2.96554,0.7875,0.647222,53272,38202
39.783,11.7052,0.160417,0.527778,28440,16429
31.4966,2.50706,1.0,0.697222,49142,12893
15.9163,6.37156,0.414583,0.236111,6128,44629
17.6976,11.3656,0.25,0.213889,16193,11085
26.2113,9.70901,0.120833,0.194444,28640,56958
6.79547,3.77491,0.14375,0.258333,20046,47419
17.8285,7.15701,1.0,0.558333,43456,9535
24.074,4.89264,0.5125,1.0,29730,49488
11.8389,3.02278,0.422222,0.386111,19502,48755
5.10017,14.584,0.125,0.31875,45988,53894
12.8721,3.44176,0.416667,0.489583,8378,31484
14.2191,18.1286,1.0,0.169444,5183,16352
40.0692,9.14913,0.272222,0.316667,45739,20663
13.0145,16.4822,0.0861111,0.154167,52452,10447
43.8589,6.22435,0.025,0.0270833,43967,32561
11.4821,26.8018,0.179167,0.496875,933,23962
37.7806,15.1067,0.695833,0.997222,5525,37901
49.3692,4.30829,1.0,0.177083,55066,12948
62.9946,12.7184,0.0833333,0.0777778,19303,17295
3.88552,6.6568,0.3,0.0791667,37336,29440
41.6179,5.2178,0.466667,0.188889,45669,50297
50.1953,20.919,0.183333,0.119444,40158,46259
0.844082,0.519295,0.422917,0.211111,15171,46049
30.7789,5.94739,0.483333,1.0,17386,36829
46.0284,24.0831,0.539583,0.647222,34566,49872
15.1593,9.87286,0.333333,0.5625,32822,10696
15.6534,20.3882,1.0,0.269444,31270,13043
36.5477,11.7709,1.0,0.655556,37719,15660
50.2879,5.24632,0.0729167,1.0,4798,52774
20.5803,4.91861,0.989583,0.646875,13714,39762
52.8247,11.8869,0.6375,0.564583,35208,56893
73.9801,11.3872,0.935417,0.433333,51996,37895
36.357,6.52437,1.0,0.41875,16341,41899
10.0757,6.56201,1.0,0.247222,42239,33078
33.2972,10.677,0.777778,0.305556,13234,25870
53.2551,26.8402,0.735417,0.805556,17206,9288
43.039,7.30439,0.289583,0.555556,53888,13171
19.9813,14.9806,1.0,0.0694444,32469,49406
65.5465,11.6939,1.0,0.204167,54371,27776
24.1901,6.75898,0.916667,0.980556,45077,12106
10.8517,13.8728,0.620833,0.3125,17987,3324
72.311,14.1724,0.455556,0.15,6711,10867
26.6598,14.167,0.616667,0.229167,24710,14965
30.4585,11.7437,0.779167,0.608333,8779,46302
47.3551,2.02033,0.889583,0.175,56127,21437
5.96867,6.92478,0.108333,0.358333,9618,1972
23.7502,23.0,0.05,0.7,1627,46751
37.5667,11.8002,0.313889,0.144444,47194,50150
59.3163,1.36224,0.339583,1.0,672,29303
15.6077,10.0511,0.11875,0.241667,53528,11217
17.2427,8.50563,1.0,0.440625,35910,48697
17.1756,23.6195,1.0,0.627778,43649,49269
47.3514,14.2294,0.330556,0.46875,52758,29379
67.6853,5.1006,0.0541667,0.436111,15907,11007
27.778,18.2942,0.827083,0.133333,15724,32554
19.9316,11.1113,1.0,0.327778,21318,5864
47.7341,9.63803,1.0,0.555556,45231,33044
51.5199,2.26842,0.1375,0.866667,54900,10725
20.5468,2.073,0.361111,0.195833,31414,19638
47.2627,3.55336,0.263889,0.422222,40793,3259
38.4352,15.0551,0.2375,0.422917,18813,948
61.5814,17.5702,0.41875,0.697222,28414,52557
50.364,11.3392,0.397222,0.633333,10765,42006
22.0265,3.13334,0.114583,0.464583,36935,55957
17.7587,6.82006,0.270833,0.375,30444,56913
61.4297,8.9346,0.230556,0.327778,26880,26100
41.6759,4.53604,0.541667,0.547222,13781,18572
21.1996,14.7901,0.152083,0.294444,16220,38114
45.7058,1.70041,0.579167,0.755556,30700,3808
23.1306,6.61555,0.829167,0.219444,25576,19757
2.76247,4.24924,0.9625,0.14375,47161,27226
8.12234,4.33252,0.741667,0.988889,44851,15772
11.5402,8.78754,0.5125,0.269444,55088,9595
52.6295,12.6925,0.566667,0.711111,57314,18531
12.8465,13.4307,1.0,0.0888889,35933,48938
24.4677,4.93903,1.0,0.234375,12335,42300
54.2687,6.29383,0.135417,0.395833,27478,26823
19.6442,2.95314,0.5375,0.075,20034,18274
31.2363,11.0561,0.427083,0.372222,5785,23943
1.66911,11.8698,0.0354167,0.06875,50595,10018
79.5205,1.74808,0.304167,0.44375,47651,55953
10.4843,13.5699,0.385417,0.0694444,39408,21328
15.4417,9.36467,0.460417,0.480556,7701,51850
5.99913,8.65826,0.189583,0.138889,21694,54551
53.5531,11.2202,1.0,0.475,17033,23409
38.0916,13.7679,0.15,0.608333,4066,34410
26.2049,13.5981,0.104167,0.341667,56551,37236
66.223,4.81967,0.13125,0.130556,52858,2247
53.1396,7.68115,0.495833,0.296875,27213,52041
52.4546,6.11293,0.272917,0.838889,49350,57266
3.74529,8.17914,0.389583,0.421875,25573,8274
71.1378,20.8983,0.127778,0.395833,53613,44621
58.8946,10.7995,0.377083,0.4,38057,41716
73.5546,19.0931,0.6125,0.372222,260,11226
40.2229,14.1985,0.280556,0.6625,50004,43521
3.47882,10.6608,0.191667,0.233333,26706,50347
21.4701,9.05197,0.0708333,0.397222,25009,11625
10.701,13.3098,1.0,0.65,35437,11181
5.01442,13.1728,0.891667,0.734375,27250,17866
35.573,3.96043,0.272222,0.119444,2166,14352
76.6603,11.0206,0.430556,0.658333,41978,54061
43.4131,2.39558,0.0916667,0.179167,8061,19967
22.4457,9.24466,0.102083,0.205556,12226,6603
24.3939,4.51866,0.69375,0.289583,36761,2120
29.6526,12.9067,0.14375,0.180556,35346,28034
17.8161,23.1556,0.689583,0.752778,26273,7022
38.1042,27.3879,0.5625,0.322222,57468,13075
54.7659,26.9494,1.0,0.488889,40864,3771
19.597,8.55021,0.0625,0.266667,17448,47617
41.617,14.8343,0.1875,0.280556,36347,8402
52.1545,5.95575,1.0,0.120833,32758,5334
58.5029,16.2315,0.2375,0.622917,23308,35132
67.7091,11.428,0.102083,1.0,47126,52417
13.1363,13.7678,0.0833333,0.0770833,61,45783
40.5696,10.4397,0.191667,0.35,46597,3434
27.3932,9.25978,0.472222,0.394444,47948,52884
59.156,8.64742,0.305556,0.258333,32755,29470
21.7053,10.7692,0.177083,0.483333,24264,7837
32.5698,7.75174,0.1125,0.861111,13131,44379
17.5878,6.93986,0.260417,0.225,46598,10078
78.9088,6.46311,0.320833,0.341667,36932,45343
30.4179,6.32864,1.0,0.205556,22587,45782
39.7906,10.9343,0.625,0.335417,27773,52088
14.4145,13.2763,0.114583,0.213889,47842,24465
65.3705,10.2465,1.0,0.15,43353,19969
15.4029,16.8529,0.110417,0.255556,16691,57066
19.8589,17.8601,1.0,0.341667,51777,55892
33.5927,13.8595,1.0,0.580556,34386,39700
32.8732,16.9525,0.5625,0.36875,33404,26361
29.9146,5.86465,0.99375,1.0,47465,2468
46.7225,7.43169,0.311111,0.25,15903,25472
5.2536,14.7718,0.470833,0.202778,51747,20845
15.0147,12.6409,0.2125,0.230556,15930,51265
20.6484,14.3825,0.225,0.2875,45157,17756
44.6874,16.6272,1.0,0.2125,32658,34563
46.698,5.91567,0.95625,0.572917,28992,22722
11.8165,3.4209,0.963889,0.552778,24096,55773
13.8228,5.94526,0.880556,0.4,3690,10319
54.9878,19.9552,1.0,0.311111,33900,12529
28.8384,8.73144,1.0,0.263889,24509,30948
19.2837,14.7104,0.29375,0.158333,44299,57242
39.933,17.901,0.997222,0.258333,3607,51537
68.5203,9.01805,0.391667,0.5125,10976,13130
48.1263,18.4052,0.14375,0.891667,34408,12099
29.0493,18.402,0.177083,0.3875,11229,52824
58.0292,9.81387,0.910417,0.216667,40877,42101
15.5119,9.91086,0.1375,0.170833,56318,274
22.0071,14.2093,0.0611111,0.6,10064,17148
47.7835,12.4263,0.1125,0.260417,24923,56009
46.8871,1.68085,0.464583,0.2375,22183,36778
45.0471,9.39899,0.179167,0.322222,3186,23162
50.3309,20.3124,1.0,0.219444,55986,41824
47.4866,22.4023,0.102083,0.605556,45398,27908
23.3788,3.04534,0.7125,0.494444,9207,31152
7.07212,9.59218,1.0,0.583333,52264,30430
24.5413,9.85355,0.416667,0.15,2247,563
19.0664,13.8592,1.0,0.641667,31084,42534
19.0639,4.05146,0.114583,0.244444,17439,51708
11.0627,3.59719,0.2875,0.10625,12195,49656
50.6472,5.05412,0.289583,1.0,43102,26892
32.5094,4.79712,1.0,0.2125,42930,12719
22.3471,15.5547,0.714583,0.5375,48035,5651
51.3049,9.07704,1.0,0.272917,14214,37581
44.1964,8.45399,1.0,0.330556,44395,39731
15.3772,3.96954,0.514583,0.141667,53726,11990
29.4233,15.4824,1.0,0.605556,31310,47211
46.4503,3.16897,1.0,0.0729167,12859,16543
34.2554,3.46704,1.0,0.197222,46057,47808
30.9559,0.546571,0.0895833,0.2625,43160,30427
63.0534,2.46368,0.760417,0.1,23898,32808
17.5928,1.57705,0.127778,0.163889,17818,232
19.9632,4.61844,1.0,0.0833333,43313,47147
64.0189,18.2197,0.571875,0.0916667,22408,48010
15.1664,15.4042,0.413889,0.136111,54068,12076
29.1897,14.9751,0.4625,0.505556,37053,29202
58.828,19.928,1.0,0.433333,40778,25061
59.9512,11.7787,1.0,0.313889,10707,41245
33.7799,10.9048,0.908333,0.541667,21217,47254
27.8398,12.7737,1.0,0.414583,5135,29508
22.5125,1.94586,0.202778,0.591667,7030,30946
70.0624,3.36957,1.0,0.21875,48056,10750
48.2253,6.44575,0.308333,0.336111,3546,12595
15.1656,20.5429,0.0458333,1.0,8161,51920
7.59867,13.7343,0.31875,0.208333,49078,420
33.6686,7.1641,0.472917,0.411111,1707,37650
26.4551,19.3431,0.135417,0.395833,19744,36086
43.8072,4.23067,0.272917,0.383333,49257,13720
30.0411,18.5914,0.483333,0.877083,50183,37942
36.4564,5.88405,0.665625,0.4875,7707,49104
47.9154,9.2168,0.23125,0.39375,53072,4500
8.55096,3.41576,0.172222,0.125,44846,31735
0.836529,11.1128,1.0,0.283333,1874,27719
35.4481,4.91963,0.35625,0.489583,2908,36440
5.41519,24.199,1.0,0.202778,42429,21984
59.3167,4.1273,0.164583,0.220833,48430,1410
4.439,17.6815,0.304167,0.547222,49706,37079
18.8771,4.72957,0.589583,0.388889,27216,17054
46.7851,2.64039,1.0,0.897222,3081,21940
21.3226,5.51834,0.183333,0.205556,3005,50871
4.15928,6.53058,0.46875,0.195833,17355,39718
13.2439,11.4865,0.194444,0.4375,17134,15664
15.1619,16.3077,0.5125,0.138889,40548,47415
13.5005,34.5028,1.0,0.541667,4008,45683
23.6748,13.3153,0.258333,0.347222,30607,49694
43.5531,1.57944,0.2,0.277778,51072,28911
67.9785,11.0816,0.877778,0.475,24692,23111
35.8197,18.8407,0.972222,0.125,43866,42371
50.721,6.6944,0.145833,0.496875,52975,157
23.1445,2.95309,0.0791667,0.0888889,40986,23482
8.85824,15.6235,1.0,0.477778,1926,165
11.1017,13.163,0.160417,0.53125,20955,35016
18.7047,7.06507,0.108333,0.420833,49864,49346
67.2237,19.2813,0.86875,0.95,35389,38941
28.8102,16.9601,1.0,0.386111,33919,39877
31.2428,2.28894,1.0,0.246875,45220,39028
18.9719,2.58383,0.05,0.461111,23353,26942
37.2732,3.62428,0.716667,0.144444,50489,13467
25.7407,4.25812,0.3125,0.0958333,34416,23876
28.0449,9.43206,0.41875,0.203125,46331,7631
10.2108,19.6257,0.530556,0.222222,24094,54806
42.3214,8.64424,0.6875,0.163889,34556,27790
12.8355,1.51795,0.0520833,0.247222,25119,20170
33.8395,19.8971,1.0,0.270833,6075,10034
30.1062,4.2935,0.164583,0.330556,51937,48444
46.2018,4.12314,1.0,0.880556,43600,11160
27.6452,12.9943,0.075,0.084375,52693,3242
46.2177,7.83093,0.189583,0.263889,33014,5340
68.5622,9.17325,0.533333,0.416667,9755,39980
15.9323,20.266,0.275,0.663889,32056,3348
46.8833,1.26204,0.111111,0.96875,34893,1464
24.28,5.05468,0.45,0.770833,20373,9801
7.87382,14.4978,1.0,0.475,40821,48831
17.382,11.886,0.545833,0.152778,45041,52049
69.6461,17.9169,0.61875,0.127778,19054,5866
12.291,15.962,0.0979167,0.375,20538,12831
75.6786,0.430823,0.502083,0.54375,41236,19240
64.4145,18.7426,0.0895833,0.397917,16246,24474
37.9004,6.64653,0.0708333,0.869444,40605,34156
38.763,11.9947,0.369444,0.680556,35326,11348
34.699,16.7026,0.520833,0.311111,25541,46646
55.2448,3.87099,0.236111,0.358333,42771,55143
30.5097,21.6989,0.189583,0.23125,23642,6326
43.3643,22.3488,0.941667,0.120833,23949,13749
45.6747,14.1213,1.0,0.0666667,49413,6595
30.2136,7.112,0.45,0.55,52138,49016
18.4134,12.7798,0.0833333,0.29375,56238,54159
19.6833,17.0314,1.0,0.934375,904,30200
62.0432,1.82842,0.939583,1.0,11292,33401
46.0819,6.17076,0.645833,0.8875,32087,38131
46.3445,15.0,0.529167,0.425,47564,52180
43.6814,11.2352,0.16875,0.294444,32109,44493
22.3518,11.9445,0.139583,0.15,20729,19436
24.5722,15.7154,0.241667,0.188889,56634,34182
57.1773,15.8092,0.620833,0.619444,32793,45929
30.3457,1.99944,1.0,0.497222,30523,56940
6.57853,1.38537,0.333333,0.245833,29845,31653
23.2608,7.89769,0.14375,0.747222,42507,12906
39.8493,5.74447,1.0,0.333333,34206,18663
54.4274,18.2651,0.447917,0.877778,44098,7505
37.1347,19.8355,0.05625,0.358333,500,37732
30.1904,1.86226,0.825,0.261111,56704,28785
56.6076,15.587,1.0,0.114583,29389,37083
53.0999,8.2666,0.688889,0.533333,46486,46284
47.3998,11.9271,0.197917,0.320833,46749,24915
19.2705,2.32496,0.129167,0.161111,32593,43573
57.4121,8.43514,0.0458333,0.494444,49861,29456
3.85759,10.1882,0.102083,0.272222,47338,36889
14.5255,17.5086,1.0,0.133333,21130,35698
6.28329,4.32139,0.189583,0.891667,46692,33353
5.27969,6.05663,0.189583,0.25,24885,46120
4.28378,3.70293,0.21875,0.279167,31689,1251
18.5017,10.2822,0.08125,0.43125,23156,5034
23.5336,14.3214,1.0,0.688889,3189,42626
46.8196,6.57822,1.0,0.177778,40734,29164
19.5685,16.4973,0.410417,0.222222,24225,51183
16.6125,9.71718,0.289583,0.394444,49205,3328
21.9328,12.9895,1.0,0.23125,8491,315
35.6421,7.15964,0.795833,0.239583,33505,34833
16.8235,10.6517,0.244444,0.236111,32682,11761
21.7605,15.1373,1.0,0.186111,13271,35033
7.18448,9.13668,0.147917,0.302778,14089,46702
8.72094,3.18081,0.645833,0.666667,18951,21812
40.5271,15.0139,1.0,0.211111,55909,48503
63.1219,14.0678,0.0979167,0.439583,32975,7717
43.847,15.4543,1.0,0.394444,46245,43404
59.6342,5.27461,1.0,0.2,36734,39839
7.07942,10.958,0.225,0.388889,12041,29630
67.6484,14.6545,0.0125,0.75,55054,11207
52.498,10.202,1.0,0.169444,46746,3243
52.4111,6.16443,0.285417,0.491667,4920,33880
4.83275,1.98457,0.33125,0.255556,7679,30997
11.42,7.21678,0.254167,0.236111,10639,29319
42.8335,15.1366,0.320833,0.164583,42202,21021
38.2927,12.501,1.0,0.185417,746,52959
33.1508,18.1195,1.0,0.55625,28435,32807
32.1661,7.57383,1.0,0.494444,8622,30015
22.932,4.342,1.0,0.385417,31417,18099
42.246,7.00853,1.0,0.230556,32544,1840
41.5681,7.07715,0.19375,0.175,15076,16845
50.6669,4.10662,0.252083,0.236111,6636,48483
37.8242,3.25269,0.870833,0.697222,18957,30838
46.6345,24.4986,0.616667,0.59375,16029,49300
55.4534,11.0864,0.214583,0.197222,5996,13871
32.8257,5.00542,0.372917,0.204167,26117,9130
15.7603,15.9449,1.0,0.188889,13316,17313
35.2182,5.60468,1.0,0.18125,22955,42652
50.12,14.0583,0.4625,0.705556,22672,41506
74.623,21.9254,0.589583,0.377778,729,9778
14.278,18.3627,0.347917,0.4625,13725,51407
11.5837,12.015,0.69375,0.313889,45334,46664
44.5787,4.71683,1.0,0.165625,15127,893
6.64517,9.52263,0.0354167,0.15,23204,12055
46.3873,20.0584,1.0,0.319444,21704,15427
16.0592,5.5615,0.294444,0.141667,9177,22297
10.3266,5.49138,0.2625,0.152083,36605,47439
52.3814,3.19109,0.25625,0.122222,21375,4305
53.6495,3.35621,1.0,0.53125,45215,40773
3.98323,3.75156,0.954167,0.25625,45329,52187
32.2589,12.4463,0.172222,0.334375,40197,29217
22.5809,11.5137,0.1,0.219444,47276,17511
55.5132,16.604,1.0,0.245833,36267,41886
22.566,25.6415,0.852778,0.386111,31805,38425
41.1779,11.5679,0.845833,0.969444,38666,26849
42.3433,11.0994,0.19375,0.358333,46304,32051
26.1512,15.7619,1.0,0.0777778,44882,37025
33.9992,12.2251,0.486111,0.08125,40392,47217
8.47243,12.5908,0.1875,0.538889,15338,53464
69.5268,16.05,0.45,0.141667,19125,31104
16.8728,6.95883,1.0,0.477778,25820,52442
27.0134,10.5571,0.877778,0.261111,34077,6860
64.2843,2.80154,1.0,0.666667,28206,2880
52.2904,1.18269,1.0,0.428125,41479,13725
34.7205,13.6101,0.475,0.522222,11564,29936
11.0966,7.6358,0.0791667,0.296875,5680,857
3.46088,11.1456,0.991667,0.175,1823,15627
46.0664,20.1909,0.675,0.465625,19705,47840
35.9801,1.84317,0.280556,1.0,40289,9991
28.0325,15.9789,0.114583,0.488889,5844,32736
41.688,7.94968,0.233333,0.111111,16083,19055
16.3158,9.41726,0.633333,0.327778,35705,3804
13.9437,11.6619,0.216667,0.141667,53772,48174
53.6183,15.5125,0.26875,0.141667,12986,50484
48.0825,14.9897,0.133333,0.236111,18320,45199
11.8514,3.96879,0.302083,0.775,30265,22975
29.1092,19.1833,0.545833,0.0666667,20444,10284
63.137,16.2166,0.222917,0.127778,31325,7485
53.0291,8.1002,0.170833,0.5,18992,34881
21.4905,16.6531,1.0,0.822222,48969,54978
49.0192,14.6956,0.991667,0.736111,20799,181
22.4067,8.78206,0.170833,0.309375,6311,40415
42.5611,20.4178,0.883333,0.497917,7671,57216
50.0314,11.8582,0.295833,0.180556,40062,35532
41.6079,9.04606,1.0,0.1375,11542,17902
70.3291,5.26815,0.377083,0.297222,50819,17105
63.7763,3.88863,0.179167,0.222222,53189,4032
16.439,5.17939,0.197917,0.691667,44944,11101
35.5094,4.63428,1.0,0.320833,43060,3888
52.8041,5.42994,0.783333,0.230556,39655,11067
49.2446,4.63112,0.145833,0.310417,11204,50136
29.9933,3.99727,0.245833,0.3125,29977,2328
39.1031,6.49417,1.0,0.619444,19194,57473
32.0457,18.1995,1.0,0.695833,32383,17068
48.4861,11.4346,0.352083,0.133333,54770,55005
26.6594,5.28339,1.0,0.891667,22360,3924
40.1758,15.2588,0.304167,0.605556,10289,43797
8.95604,9.20945,0.289583,0.341667,26059,50053
67.3285,3.21201,0.129167,0.0888889,13019,30172
36.3706,8.98078,0.533333,0.666667,13095,54546
38.0334,16.8633,0.1125,0.403125,14532,56649
73.3833,2.66236,1.0,0.864583,23218,14295
37.8773,9.44113,0.238889,0.583333,50671,20201
30.1018,13.0879,0.308333,0.133333,48474,34789
36.0683,4.50424,0.410417,0.338889,3203,30168
29.6647,5.91588,0.564583,0.470833,48763,49341
14.3326,14.6829,0.130556,0.0770833,54102,8096
41.512,12.6808,0.0395833,0.0722222,56525,6356
19.3838,0.247472,1.0,0.436111,29014,5163
71.6584,7.52814,0.791667,0.519444,14231,47943
35.0952,5.31215,0.740625,0.3375,56967,34071
18.2157,3.31317,1.0,0.805556,8845,35174
41.2274,13.7763,0.179167,0.164583,43103,9020
33.8896,14.9739,0.236111,0.864583,10595,47315
28.0973,12.6681,0.139583,0.258333,43495,49687
29.65,14.5444,1.0,0.366667,50507,52640
34.2758,13.5781,0.722222,0.405556,57183,31176
12.433,14.2507,0.204167,0.459375,48186,55512
9.63677,11.1271,0.114583,0.8125,22309,28462
18.8379,9.53889,0.270833,0.280556,49726,57472
51.807,10.3078,0.895833,0.509375,25553,30203
64.1308,12.5375,0.305556,0.329167,1195,50900
37.3248,3.67789,1.0,0.194444,17626,43401
17.1575,5.28215,0.13125,0.516667,28131,2829
34.3856,4.05853,0.305556,0.227083,687,51869
31.8663,0.319005,0.163889,0.419444,17414,788
15.6148,2.68365,0.0527778,0.5,4216,32092
36.6061,15.9655,0.38125,0.21875,5701,40394
24.747,13.332,0.895833,0.14375,26657,39792
29.329,12.6767,0.5375,0.31875,23976,36890
11.0024,3.47302,0.154167,0.283333,27681,55860
71.5531,1.43635,0.258333,0.125,20013,44862
29.8375,5.13061,0.220833,0.183333,18092,37503
24.5152,4.09982,0.391667,0.558333,14176,47522
12.3766,6.20669,0.489583,0.670833,15273,56891
28.9487,3.37544,1.0,0.372222,16069,33062
8.76765,1.50804,0.172917,0.554167,46680,13664
33.362,11.2251,1.0,1.0,30032,42679
33.2482,10.1266,0.170833,0.283333,52836,47904
27.9535,5.5509,0.225,0.233333,10663,19730
55.2818,6.25739,0.277778,0.180556,43880,54903
52.7467,4.09584,0.810417,0.247917,35670,1499
19.1891,20.2573,1.0,0.180556,23320,8688
36.453,3.94834,1.0,0.238889,20196,18231
29.8638,3.6838,0.860417,0.185417,51459,6395
15.381,24.6604,0.075,0.222222,14487,46579
42.4265,6.26846,0.25,0.877778,46846,43651
95.1299,24.4672,1.0,0.344444,2702,17481
23.3153,5.45089,1.0,0.527778,54855,19271
62.9603,5.8576,0.816667,0.566667,40081,25496
28.2398,9.14741,0.04375,1.0,11511,22192
24.3345,7.35532,1.0,0.379167,9647,33045
39.6829,9.10894,0.05625,0.161111,3443,26515
36.5187,3.95077,0.85,0.236111,13376,53402
56.2979,4.97811,0.9,0.1,37072,43667
22.9407,22.5843,0.504167,0.180556,17713,43354
60.6687,20.8309,0.0791667,0.313889,7304,18867
60.3171,15.8402,1.0,0.575,27061,46452
12.3509,15.9402,1.0,0.754167,38993,10311
7.97035,3.88454,0.238889,0.255556,10167,8975
29.167,4.85482,1.0,0.216667,31388,45935
40.3991,3.81284,0.772222,0.227778,24401,20153
17.926,17.8926,1.0,0.777083,54302,29755
80.0663,15.6366,0.0625,0.241667,49997,34982
41.7758,6.74317,0.0777778,0.316667,50944,5542
40.1732,6.0219,0.247917,0.7625,15991,53135
48.7241,8.58224,1.0,0.202778,37405,3431
16.667,3.76325,0.972917,0.3375,21439,50997
44.3045,16.7564,0.911111,0.73125,4905,48245
48.0284,19.5608,1.0,0.185417,14052,15885
46.652,1.50855,0.847917,0.591667,36788,37993
50.1433,8.69088,0.635417,0.730556,42686,29443
48.9218,1.74191,0.1375,0.15,33597,2534
19.5367,10.3153,0.404167,0.341667,655,40643
45.5388,21.3013,0.175,0.572222,12883,27015
33.8191,20.5868,0.166667,0.222917,44348,21454
67.0988,6.97969,1.0,0.166667,38117,45865
52.9094,25.2789,0.0854167,0.2,32204,42369
24.9269,1.60399,0.247917,0.733333,27584,32681
20.3369,4.17617,1.0,0.322222,25814,53934
49.1442,18.8876,0.3375,0.152778,9867,39361
12.2396,10.5838,1.0,0.14375,36845,2377
28.3489,14.7436,0.1,0.433333,23652,51507
38.0778,15.3315,1.0,0.222917,57141,56264
42.7419,18.6209,0.122917,0.630556,10002,41126
37.3689,15.6647,0.11875,0.2,9564,3778
15.6009,14.7393,1.0,0.141667,14420,12872
57.5758,4.27225,0.119444,0.605556,43266,2330
38.6093,2.87437,0.154167,0.34375,10299,42430
76.455,3.09841,0.705556,0.5625,10796,50351
53.6153,10.4292,0.213889,0.263889,4307,56886
59.1291,3.2105,0.245833,0.55625,44566,37014
22.3947,10.8571,0.208333,0.297222,12919,46168
75.9617,11.2672,1.0,0.370833,57202,6360
17.2794,15.0227,0.460417,0.122917,22949,56552
51.0406,6.10163,1.0,0.564583,17115,34495
33.5972,3.25414,0.0388889,0.195833,20007,46695
25.4061,8.63502,0.602083,0.486111,52227,1754
16.9658,3.76995,1.0,0.158333,56233,6612
25.5853,3.48647,0.502778,0.170833,48626,9090
19.1713,3.80592,1.0,0.394444,43302,56790
11.0879,15.5015,0.358333,0.502083,56423,8133
46.8702,4.99939,0.122222,0.372222,13336,36630
5.54682,5.42897,0.327778,0.44375,33061,45925
32.5347,10.7523,1.0,0.408333,29039,54133
4.93351,6.61532,1.0,0.0638889,41022,7266
19.7103,0.31096,0.05,0.635417,11344,6925
54.1672,14.9452,1.0,0.129167,46411,17478
34.0916,7.54307,0.09375,0.702778,19655,606
38.2809,0.651731,0.647917,0.144444,36119,48802
56.4355,7.69401,0.752083,0.59375,40048,3179
8.24757,16.3482,1.0,0.408333,24914,47976
67.1657,0.837364,1.0,0.852083,52621,40040
16.5475,0.257903,0.219444,0.238889,18746,48450
21.7373,16.1527,0.59375,0.25,11453,43303
46.804,6.70687,1.0,0.427778,46256,30033
12.5071,1.78096,1.0,0.375,3285,17384
43.6577,12.941,1.0,0.440625,36850,36726
51.4692,2.31198,1.0,0.34375,6644,14108
48.0614,18.6643,0.797917,0.458333,55496,52215
7.4773,11.9936,0.416667,0.408333,14294,30141
23.2196,8.98321,0.977778,0.104167,54251,45460
49.0219,14.1766,0.129167,0.303125,2151,57091
46.9252,16.4672,0.197222,0.397222,34409,22584
66.0752,14.4261,0.247222,0.377083,37688,35178
46.8614,16.6344,0.222222,0.447222,13814,10658
53.3169,13.907,1.0,0.858333,52319,3881
6.36475,5.05663,0.477083,0.152778,26555,47115
57.1752,16.8025,0.433333,0.3625,5709,47366
23.1858,12.6615,0.23125,0.361111,32560,1865
13.6407,19.963,1.0,0.402778,29621,23102
3.38731,4.19517,0.141667,0.338889,959,1608
15.9475,3.8883,0.895833,0.255556,41061,16123
48.83,10.192,0.964583,0.305556,1543,17045
41.4833,13.5703,0.102083,0.635417,41687,13088
19.7496,2.84159,0.102083,0.45,43297,31235
26.2821,2.88258,0.20625,0.105556,17482,33769
21.7226,18.9821,1.0,0.158333,43184,52633
70.4124,6.50953,1.0,0.180556,8006,29274
75.1935,10.6597,0.289583,0.288889,56465,17920
32.146,10.5343,0.836111,0.647222,5606,34218
23.2425,19.288,0.66875,0.247222,18055,24481
42.3783,14.5843,1.0,0.8,33647,36694
24.2277,8.85877,0.777083,0.133333,7096,18812
49.2835,7.49146,0.286111,0.177083,39242,21745
60.7292,10.1222,0.208333,0.710417,47837,35202
62.8831,18.8662,0.710417,0.411111,29738,54279
27.8023,28.384,0.454167,0.789583,33314,26446
30.9483,2.91208,1.0,0.686111,6974,16347
10.6147,7.43033,0.997917,0.941667,56206,55388
45.8948,1.95308,0.360417,0.275,56313,55749
6.20918,9.08765,0.235417,0.586111,49501,41334
15.12,7.01088,0.0979167,0.665625,51616,37110
19.9589,8.29775,0.241667,0.280556,2011,37771
31.6192,20.1912,0.189583,0.325,34699,743
73.359,9.41485,0.322917,0.291667,54672,14303
43.9873,5.25383,1.0,0.316667,29429,13349
77.9167,15.0501,0.491667,0.338889,54094,39820
43.7757,2.77004,0.995833,0.283333,46083,38001
11.6933,6.46233,1.0,0.179167,7247,16288
14.5817,5.69754,0.225,0.216667,12659,7367
8.28163,9.7852,0.102083,0.252778,42059,2945
33.4163,19.5912,0.591667,0.563889,26077,46830
39.8846,15.4437,1.0,0.38125,49582,22755
32.2218,12.8061,0.785417,0.547917,9205,8122
30.0626,12.3182,0.297917,0.319444,29646,26243
44.1376,2.05137,0.06875,0.416667,23847,29214
41.0457,13.0544,0.439583,0.236111,29612,47421
5.15927,2.8164,0.0479167,0.269444,12601,22597
24.551,11.3507,0.161111,0.291667,48104,1067
14.8948,8.71447,0.969444,0.75,22074,13724
15.8656,2.52335,0.5875,0.122222,10466,40537
44.9643,21.761,0.663889,0.345833,34979,37463
54.2821,3.77954,0.383333,0.128125,36278,3661
15.0103,2.58968,0.536111,0.639583,57442,16146
17.8768,5.07195,0.2,0.141667,12037,43734
60.253,14.315,0.145833,0.270833,18662,39048
5.967,13.5646,0.0854167,0.5625,51867,9336
32.8972,4.79471,0.3875,0.233333,29292,24464
25.9738,14.4967,0.5,0.075,7300,19784
53.554,10.6287,1.0,0.341667,33062,9698
50.4455,7.0354,0.697917,0.216667,20914,51544
22.695,1.28684,0.1125,0.325,5454,46236
12.7631,2.69584,0.1125,0.0722222,20137,21790
49.8935,5.65669,0.802083,0.446875,3468,54338
29.6915,1.59933,0.680556,0.352778,23831,8167
47.1861,18.8337,1.0,0.966667,39441,7433
59.374,4.98001,1.0,0.554167,11685,45335
27.8296,15.1583,0.166667,0.258333,34522,55838
59.0432,31.3526,0.995833,0.479167,31185,37042
67.9669,2.45445,0.372222,0.1625,8931,28726
55.8218,12.9897,0.1125,0.261111,47464,21257
45.8403,10.8702,1.0,0.241667,19916,15596
46.9739,12.4618,1.0,0.721875,34106,37782
22.1406,5.34341,0.0944444,0.316667,18566,22598
32.5296,4.09736,0.369444,0.622917,30011,5518
45.8227,8.34874,0.4,0.211111,55667,18172
44.338,14.49,1.0,0.36875,26301,41702
51.7896,2.29095,1.0,0.177778,55903,35696
46.2913,0.584998,0.24375,0.158333,44474,28958
50.5098,20.9083,0.26875,1.0,20693,10721
19.0936,13.5663,0.205556,0.31875,33265,49968
9.82941,4.18145,1.0,0.366667,53063,50875
9.65078,8.77988,0.127083,0.178125,3763,9903
48.0142,15.7302,0.629167,0.127778,1193,45912
22.6123,16.9872,0.589583,0.380556,13841,55163
11.7544,5.95291,1.0,0.583333,16382,12749
31.195,13.5755,0.152083,0.166667,21299,49943
38.3068,14.0268,0.197917,0.125,1444,33444
26.8487,10.6798,1.0,0.561111,9268,42338
49.8024,10.7624,0.239583,0.258333,46940,28971
59.4928,11.2896,0.502778,0.122917,48698,20115
16.0247,6.92391,1.0,0.16875,12908,52223
12.9449,1.40118,0.3625,0.3625,1640,49730
28.1584,2.95542,1.0,0.329167,4201,53137
15.0344,11.8085,0.470833,0.513889,37010,7594
58.9035,5.25771,0.64375,0.569444,55055,3273
21.4768,5.03631,0.24375,0.95,33801,5607
43.2299,7.01964,0.852083,0.161111,39348,51427
33.0322,5.87999,0.170833,0.194444,1840,24804
32.6313,6.90529,0.127083,0.252778,23956,18719
33.3274,7.76026,0.455556,0.361111,46542,57278
17.9484,3.83243,0.216667,0.496875,9737,30768
4.50613,5.79707,0.0375,0.558333,20823,686
3.30087,12.2624,0.297917,0.369444,39640,55360
49.1608,5.2373,1.0,0.452778,36773,5682
41.1566,10.5004,0.295833,0.7,3048,33250
21.6052,4.35532,0.34375,0.202778,53831,35764
55.0383,3.15275,0.14375,0.225,37811,16624
1.55665,12.6555,0.245833,0.838889,56529,29005
15.6736,11.1928,1.0,0.358333,21279,38480
50.469,2.58248,0.519444,0.35,11372,37011
27.1436,14.5283,1.0,0.33125,36068,34575
39.5683,2.76523,1.0,0.41875,5749,43429
21.7087,3.4331,0.3875,0.25,22090,14634
28.7422,13.2014,1.0,0.35,34677,14046
22.6603,12.7421,0.647917,0.122917,45901,55649
25.2352,7.84015,0.360417,0.845833,36668,53320
42.1317,10.1912,1.0,0.447917,13424,6658
27.6408,10.5522,0.45625,0.841667,18780,57019
38.5763,12.0581,1.0,0.116667,42245,40109
34.4332,3.82591,0.922917,0.341667,16460,11572
52.8772,2.2306,0.154167,0.390625,23135,8247
7.37911,3.53879,0.438889,0.534375,13061,27676
47.4397,15.8065,1.0,0.747222,32728,29770
16.1875,1.72212,1.0,0.503125,45138,41231
43.6272,12.1067,0.1,0.205556,30975,34655
31.8822,13.6837,1.0,0.166667,32499,24716
43.9909,6.06046,0.202083,0.208333,33270,45249
38.0514,4.5429,0.270833,0.683333,6218,20894
39.9754,15.071,1.0,0.108333,46745,30369
9.38945,14.5868,0.822917,0.114583,38283,7561
44.8304,15.049,0.260417,0.375,3134,18106
21.2148,6.01235,0.45,0.780556,54927,56506
58.4297,3.43817,0.254167,0.308333,47179,20630
44.6028,14.1669,1.0,0.144444,24144,45749
37.7881,14.8589,0.15,0.613889,43586,8333
13.7087,18.9381,0.09375,0.6125,49617,25600
45.8963,7.1834,0.585417,0.352778,38439,8280
35.9843,7.74347,0.508333,1.0,19639,33032
67.2203,9.18091,0.605556,0.186111,48386,53297
50.1814,4.75697,0.247917,0.741667,45154,7256
32.8695,12.9855,0.127083,0.877778,8975,51525
29.9892,10.6244,0.075,0.327778,21073,10529
30.0737,1.34924,0.54375,0.286111,54336,4678
46.5193,8.35373,0.241667,0.663889,36033,3940
37.4331,7.37077,0.0979167,0.388889,48627,47831
65.7144,9.31516,0.416667,0.191667,38380,31723
46.3208,9.63149,1.0,0.2375,48094,50030
37.0335,21.6675,0.813889,0.4,4038,48918
27.628,14.6761,0.4125,0.263889,54183,44596
37.7715,8.70217,1.0,0.629167,48480,2573
34.1171,2.51875,0.616667,0.338889,1617,45979
29.9366,18.7987,1.0,0.502083,5797,52197
6.77843,2.41061,0.716667,0.738889,3499,37678
50.6595,10.1666,0.691667,0.297222,45912,40767
35.3689,3.44956,0.258333,0.336111,24444,26440
17.1811,3.29448,0.377083,0.252778,48822,46165
57.901,14.9575,0.241667,0.74375,2936,3321
11.1093,11.9134,0.266667,0.394444,31326,14127
23.9576,15.341,1.0,0.122222,23761,692
35.032,12.0514,0.980556,0.852083,5835,11091
51.7872,13.2022,0.547917,0.379167,46599,25323
8.7513,2.64632,0.0520833,0.51875,4292,30254
67.7139,8.54221,0.870833,0.19375,5429,40451
13.0934,4.84316,0.119444,0.110417,2878,17853
1.96475,12.0481,1.0,0.5875,1830,7735
37.8007,20.91,0.708333,0.341667,22244,51994
59.6027,0.542988,1.0,0.416667,30136,26715
40.5773,7.18802,1.0,0.0805556,7843,44066
64.1265,18.7804,1.0,0.458333,31952,17059
85.7546,8.11365,0.960417,0.438889,19826,54383
66.8793,14.0829,1.0,0.439583,11664,44096
67.5174,4.92096,1.0,0.766667,28519,49868
18.1948,18.3443,0.311111,0.369444,56811,34338
9.4788,9.8479,0.570833,0.502778,48257,7798
44.3884,8.17661,1.0,0.104167,46141,6317
11.2766,16.5281,0.0958333,0.108333,3803,7413
27.8215,14.3965,0.254167,0.327083,44569,56117
22.9732,13.3208,0.489583,0.577778,38122,53143
59.1535,6.54052,0.260417,0.347222,463,34313
21.7047,10.0215,0.729167,0.611111,46458,35723
13.3788,3.34872,0.222917,0.495833,32379,53413
20.6481,3.53228,0.6,0.685417,20236,30098
2.70626,14.8314,1.0,0.114583,33158,13909
41.579,3.03521,1.0,0.466667,46916,51804
8.03941,5.08313,0.2375,0.277778,36442,7847
47.0128,6.40419,0.0541667,0.125,3020,11080
33.0707,13.5773,1.0,0.0888889,36956,13542
10.3002,11.3346,0.130556,0.8,20871,18925
45.7363,14.2892,0.247917,0.379167,4913,25142
4.54167,2.36625,1.0,0.0611111,4224,13917
21.45,6.66415,0.23125,0.459375,20789,52471
58.2056,21.0063,0.208333,0.525,27023,43893
43.6297,6.65347,0.05,0.575,18560,3452
42.096,11.3605,0.780556,0.283333,40790,3604
28.9433,18.499,0.570833,0.202778,36369,12041
12.6098,16.4976,0.484375,0.7375,50425,16774
40.7491,13.7038,1.0,0.361111,16730,23573
8.27478,14.8329,1.0,0.130556,53240,30175
29.1288,2.36976,0.879167,0.313889,40555,54759
42.4064,3.83724,0.258333,0.330556,34061,32505
12.1822,12.808,0.172917,0.219444,40436,10876
48.6422,12.6265,0.654167,0.335417,6610,11821
18.1994,10.7086,0.986111,0.0694444,55648,26513
12.5675,9.86773,0.35,0.113889,31562,27208
39.7389,8.31296,0.413889,0.211111,14264,21335
22.428,10.7959,1.0,0.277778,28027,11944
66.2898,11.6964,0.114583,0.875,12552,7089
14.3264,10.4313,0.452083,0.147222,27423,26521
12.0174,7.15265,0.802778,0.144444,40044,48597
43.1474,9.09275,0.0916667,0.391667,56765,56702
68.3204,17.3947,1.0,0.1875,17443,3738
37.0652,11.1608,1.0,0.472222,38195,28636
36.6689,10.7328,1.0,0.305556,44778,11722
64.2736,2.75365,1.0,0.180556,30245,3547
22.0912,18.2439,0.245833,0.483333,16587,4372
67.2819,7.53805,0.114583,0.794444,37358,43431
15.7004,0.762473,1.0,0.686111,27641,16229
50.0603,2.18201,1.0,1.0,15838,26787
42.363,5.88253,1.0,0.172222,47122,35348
5.72773,11.5396,0.158333,0.0972222,23894,27059
27.8257,8.24006,0.185417,0.294444,5796,42124
15.3175,4.93607,1.0,0.23125,44283,15423
71.9789,15.3405,1.0,0.427778,54977,5243
36.848,13.1384,0.666667,0.541667,10668,47657
19.666,4.08566,0.111111,0.0861111,31336,22746
30.9447,3.78501,0.310417,0.514583,13468,34497
30.7482,5.07566,1.0,1.0,21250,9452
4.90606,2.211,0.369444,0.191667,9108,51482
17.1655,7.77333,0.4,0.75,31372,3752
22.1016,16.502,0.189583,0.155556,22151,21942
74.94,7.71119,1.0,0.275,43528,15968
12.7232,18.0907,0.422222,0.354167,7378,41431
58.3438,5.66579,1.0,0.255556,10006,22047
37.498,12.5386,0.15625,0.180556,54555,54370
31.2841,9.24459,0.997917,0.222917,23787,28194
18.2028,3.63782,0.147917,0.0708333,30505,57484
24.0404,11.8792,0.822222,0.666667,7408,26302
26.1738,1.45278,0.8,0.4,22728,19477
58.0815,5.92999,0.666667,0.777778,34594,41102
35.6485,4.29282,0.179167,0.130556,41507,47665
38.0905,6.59082,0.994444,0.488889,32564,11183
17.656,6.38642,0.1,0.833333,7994,41389
33.7369,7.73335,0.147917,0.0729167,51980,14328
15.176,9.22359,0.221875,0.213889,6179,36854
29.0428,5.00744,1.0,0.235417,54297,24584
35.1903,6.92621,0.288889,0.122222,21890,20688
61.7336,11.1486,0.997917,0.45,46309,17394
44.2936,5.51083,0.485417,0.127083,40542,23689
24.3028,7.31917,0.225,0.63125,27110,21404
3.19695,5.762,0.922222,0.0708333,13176,12730
22.6493,7.27911,1.0,0.313889,15726,53959
10.3676,22.1158,1.0,0.565625,43258,127
34.6691,10.2363,0.927083,0.0666667,21674,52857
47.3692,8.08768,0.910417,0.258333,56979,5978
39.6478,4.95679,1.0,0.321875,44262,40112
1.30207,3.04689,0.680556,0.380556,10739,34882
29.7601,8.4233,0.611111,1.0,8483,53451
8.12767,10.3014,0.188889,0.133333,51935,31970
14.4677,7.02912,1.0,0.702083,57054,14540
22.4457,15.5949,0.86875,0.429167,6170,45755
60.7032,12.4211,0.547917,0.0972222,25956,41248
17.736,13.6464,1.0,0.585417,38047,39699
76.3044,8.83405,0.88125,0.266667,10686,16379
47.0814,7.58387,0.616667,0.222222,26550,41913
14.934,15.3185,0.211111,0.305556,46005,49322
48.8183,15.3033,1.0,0.402778,47989,37053
29.9657,5.42629,0.6625,0.197222,28035,53549
35.0692,13.2667,0.427083,0.139583,56971,24963
37.7681,4.15551,0.404167,0.628125,34669,25382
24.2835,16.3828,0.114583,0.35625,19402,20426
38.918,4.34347,0.335417,0.166667,50503,35469
57.4581,12.8804,0.829167,0.158333,5481,2220
45.4844,4.80893,0.105556,0.366667,36251,53001
17.7324,14.0258,0.270833,0.236111,51158,54056
57.4368,15.2217,0.260417,0.147222,55982,18676
71.9346,3.39662,0.230556,0.508333,24034,35291
12.8552,13.7065,0.883333,0.120833,17004,49923
19.2796,19.4516,0.0958333,0.175,26431,27182
21.07,10.6938,0.214583,0.488889,15688,11953
8.59262,19.4811,0.1625,0.155556,14691,50336
27.2617,1.81729,1.0,0.461111,34895,37112
7.5914,9.8322,0.110417,1.0,37805,20196
26.9253,2.86134,0.23125,0.490625,34190,46348
16.0018,8.26176,0.925,0.68125,39990,39597
61.3054,9.2411,0.104167,0.247917,38368,48452
27.8128,13.5398,1.0,0.230556,38210,31425
50.7094,8.90125,0.1625,0.0541667,18884,13832
42.1463,15.6374,0.435417,0.8,14828,16651
3.38219,17.0971,0.795833,0.1,2392,12259
68.5733,8.46686,0.845833,0.255556,9876,49310
14.0205,11.157,0.558333,0.188889,13480,36980
77.5704,17.0001,0.104167,0.347222,2922,2224
49.3915,15.7261,0.3,0.177778,17100,9817
14.9353,10.7468,1.0,0.109375,25967,44941
19.6722,11.2348,1.0,0.81875,34121,41357
29.7536,9.85487,0.3,0.366667,43789,49553
5.17119,14.505,0.179167,0.675,52928,48448
55.3172,16.9916,0.23125,0.425,55071,1118
12.4094,11.6717,0.508333,0.269444,5592,15715
79.0618,9.16051,0.35,0.3875,55077,45657
78.7864,0.961317,0.0958333,0.241667,15751,26878
27.5071,7.10762,0.49375,0.327778,44049,4689
43.552,13.0844,0.266667,0.416667,198,5819
13.8762,11.968,0.01875,0.627083,25165,27456
30.294,3.20957,0.208333,0.14375,42185,19074
34.5724,11.502,0.304167,0.25625,3156,6991
6.23383,9.41223,0.252083,0.338889,1041,51956
26.0027,11.7106,1.0,0.188889,43829,42223
26.9257,4.24823,0.744444,0.75625,49563,48076
43.0364,15.3808,0.214583,0.561111,27721,38145
48.6663,22.7624,0.602778,0.308333,22729,49052
34.3429,7.92514,1.0,0.891667,41738,39932
51.8118,3.17008,0.0916667,0.647222,28459,49063
43.3838,19.4013,0.1125,0.113889,22849,24520
53.8324,11.8476,0.363889,0.702083,7960,42477
11.5826,1.29696,0.0354167,0.294444,46743,54089
36.8955,2.30964,0.802083,0.383333,18542,7495
70.408,0.761998,0.997222,0.533333,36524,13204
21.2169,12.0713,1.0,0.166667,29615,41733
47.8636,12.7681,0.14375,0.430556,8076,28951
46.1495,7.99591,0.208333,1.0,43299,38777
66.5941,13.5728,0.416667,0.194444,12900,36105
20.4059,6.79098,1.0,0.113889,3182,57151
7.09656,5.39615,1.0,0.261111,31683,28600
15.5745,6.74102,0.3,0.128125,3576,38565
5.89543,17.8024,0.154167,0.180556,19426,1355
34.9145,2.73982,0.916667,0.297917,10414,347
32.0732,17.1168,1.0,0.536111,33204,55647
25.0705,6.48015,0.302083,0.0888889,20893,48247
32.3086,10.6969,0.327778,0.527778,5872,24450
59.9616,20.1634,1.0,0.5125,56444,37204
14.9083,6.63296,0.195833,0.822222,35318,21160
30.1395,6.52196,0.180556,0.245833,47928,40104
7.91543,5.23726,1.0,0.569444,20467,47690
38.2745,8.10273,0.985417,0.209375,35855,6334
16.2811,3.38122,0.21875,0.63125,21659,14051
8.08913,20.7675,0.152083,0.741667,52497,149
51.7038,6.42534,0.74375,0.844444,48597,34871
3.46777,16.9317,1.0,0.31875,25738,50636
43.2069,4.37504,0.229167,0.50625,3963,49401
9.77705,4.42023,1.0,0.0458333,1759,44990
7.92309,12.2677,0.583333,0.390625,4097,39402
7.66477,2.07403,1.0,0.191667,45623,41511
35.8395,10.6727,0.397222,0.158333,28293,28698
68.6583,5.91191,0.51875,1.0,1508,81
13.8339,4.31466,0.289583,0.28125,51982,28959
77.6695,3.39794,0.847917,0.202778,43530,49192
56.4913,15.9273,0.686111,0.583333,10791,5761
45.5369,5.4556,0.1875,0.6,9915,7558
31.3356,13.274,0.211111,0.308333,32552,35811
36.7751,13.4449,0.227778,0.147222,43263,25048
8.62203,11.493,1.0,0.483333,38422,28053
36.1426,13.5762,0.313889,1.0,17561,19051
29.6299,5.48537,0.664583,0.21875,26042,55658
37.618,15.1256,0.658333,0.56875,11985,37578
53.2054,16.2428,0.247917,0.597222,5758,36602
53.2685,2.95472,0.20625,0.388889,45790,9989
26.3709,23.2048,0.213889,0.266667,1633,37505
77.8338,19.047,0.30625,0.305556,29955,22874
18.735,13.2039,0.283333,0.1,14498,15825
23.0378,14.0565,0.183333,0.34375,4567,27369
20.7326,13.6519,1.0,0.359375,16589,21016
31.8267,10.3807,1.0,0.460417,52512,45774
7.75081,21.9473,0.344444,0.429167,49327,12990
29.8794,3.59754,0.641667,0.3,44176,12063
31.7931,17.2899,1.0,0.495833,21088,51331
18.761,6.59055,1.0,0.194444,4099,38142
41.1323,3.24416,1.0,0.930556,30316,32189
29.8504,7.83926,0.202083,0.325,10297,21156
35.3339,5.1583,0.38125,0.658333,15238,12254
26.8324,14.8758,1.0,0.075,22996,45424
4.21102,11.247,1.0,0.208333,34934,44000
36.0897,3.01443,0.2,0.652778,48571,33708
12.6514,6.17037,0.959375,0.113889,41939,30208
14.0186,8.87373,0.222917,0.222222,54271,38461
39.5949,9.92164,0.195833,0.116667,7897,52647
20.2506,11.33,1.0,0.0888889,43518,11670
29.9475,12.2197,1.0,0.633333,35808,13059
34.3571,17.9407,0.597917,0.266667,10342,31955
9.59084,6.86517,0.1625,0.244444,50585,55380
30.6662,22.8387,1.0,0.277778,51547,27899
38.2665,7.62843,0.958333,0.194444,39284,19171
31.8398,13.3154,0.758333,0.391667,35047,4124
4.14459,15.8769,1.0,0.3,43512,31401
43.0308,22.328,0.677083,0.297222,6402,45121
54.4779,17.737,1.0,0.210417,15495,27927
27.836,15.2644,0.16875,0.245833,1930,54129
37.8717,3.97132,0.977778,0.183333,40921,12375
32.4558,14.5657,1.0,0.65,31385,2134
33.161,4.48368,0.197222,0.505556,49487,13716
24.6198,8.7666,0.894444,0.786111,16172,31608
77.1117,3.20037,0.95,0.241667,6826,14906
44.3129,16.3925,1.0,0.125,38953,30111
15.8208,14.458,0.08125,1.0,4794,38047
17.4612,16.7965,0.164583,0.254167,8419,11274
18.3326,5.06241,0.420833,0.325,46690,36555
43.5176,3.10274,0.179167,0.225,45245,17828
9.90782,3.65937,0.316667,0.133333,45620,56671
42.6912,24.7074,0.997917,0.0875,7315,51325
35.7606,7.67146,1.0,0.305556,24753,38390
64.2026,6.53264,0.870833,0.422222,6025,6188
6.00153,5.37314,0.533333,0.269444,55823,9154
66.8549,5.59799,0.325,0.0694444,41322,25212
48.307,11.9973,0.0645833,0.347222,1435,46087
57.8606,14.4742,0.464583,0.380556,28570,48728
44.0751,8.65193,1.0,0.144444,27050,34836
36.7191,11.4259,1.0,0.0791667,22013,23855
11.0642,1.41041,0.416667,0.55,1766,41884
35.0617,14.4581,0.433333,0.4375,18772,784
9.58304,6.61529,0.241667,0.6,27747,44993
42.922,6.78191,0.65,0.325,2107,21955
26.7528,9.88932,0.202778,0.425,4236,34189
24.2199,0.414071,0.166667,0.205556,27761,48672
66.9597,7.31346,1.0,0.3625,42469,51812
60.1473,24.5491,0.839583,0.829167,48543,25969
47.1573,17.712,0.141667,0.236111,48330,4157
42.3393,12.1737,0.170833,0.416667,38187,46147
43.5563,0.877616,0.63125,0.129167,44287,34025
57.8118,6.25599,1.0,0.180556,29624,46518
31.2482,5.02979,0.352083,0.1125,3215,16643
22.84,4.8383,0.2,0.84375,427,35385
61.4101,18.6446,0.3375,0.388889,20487,47835
51.8969,7.45423,0.504167,1.0,38653,14580
68.7955,14.24,0.266667,0.191667,6529,48428
18.9784,6.1872,0.0625,0.463889,8757,8392
9.64909,11.939,1.0,0.8375,32968,36550
61.9709,12.0079,0.99375,0.297222,4548,15716
10.995,5.43356,0.289583,0.419444,45877,328
26.1297,8.06044,0.254167,0.639583,34056,57198
64.505,14.1816,0.397222,0.23125,28015,29377
27.8217,15.481,0.241667,0.727083,15376,42994
20.6858,3.28252,0.514583,0.152778,10190,35863
58.5542,5.69453,0.6375,0.680556,27845,23652
71.1587,5.61315,0.0444444,1.0,21840,13348
11.3014,14.4317,0.219444,0.569444,34727,41500
44.1469,7.93222,1.0,0.127083,705,27714
18.5354,0.286196,1.0,0.216667,52003,42166
19.0975,22.0224,0.808333,0.225,37327,37724
26.1006,18.9574,1.0,0.283333,29939,12522
27.0232,2.02627,0.847917,0.5875,32558,23531
22.2624,3.88324,1.0,0.727778,15050,43506
25.9165,21.1695,0.175,0.438889,23009,37354
16.7075,10.8825,0.4,0.575,7263,6555
10.8095,12.2771,0.185417,0.760417,18507,13475
18.0223,3.8387,0.258333,0.688889,681,6152
13.3241,20.4086,0.25,0.560417,27930,49859
62.9982,7.59316,0.703125,0.235417,42282,29137
14.1931,10.6563,0.695833,0.244444,37932,24073
17.5419,15.5455,1.0,0.910417,55100,35878
15.2782,12.777,0.55625,1.0,48655,55070
54.2218,11.7023,0.961111,0.308333,9624,19743
12.1183,2.01045,0.160417,0.133333,2497,36898
50.9612,17.312,1.0,0.291667,7545,54852
23.1129,9.65902,0.34375,0.0722222,4103,22808
48.127,19.9682,0.0520833,0.0833333,31137,4186
4.50064,15.7042,1.0,0.415625,52989,14576
29.3787,11.199,0.08125,0.40625,8418,1942
25.8003,6.91052,1.0,0.175,51771,35662
36.7116,12.6479,0.497917,0.591667,36362,52761
23.8721,5.31275,0.619444,0.333333,43663,50622
51.1701,1.7753,0.379167,0.371875,30740,1408
6.93044,10.6772,1.0,0.527778,39682,4185
55.4273,17.7708,1.0,0.572222,15130,55936
40.5193,8.30993,1.0,0.147222,27224,49115
48.3222,5.02351,0.455556,0.394444,34195,16394
39.7329,10.2468,0.0666667,0.46875,19427,28177
46.1039,2.42238,0.285417,0.280556,8086,49973
33.7315,14.6013,0.0520833,0.3625,21757,21323
7.42081,13.9696,0.135417,0.175,43983,39941
65.7218,6.70317,0.114583,0.758333,31056,28472
42.6947,14.0787,0.0416667,0.309375,51024,11205
56.4745,13.6436,0.963889,0.572222,170,48244
1.60059,1.27541,0.677083,0.277083,50515,5295
25.6074,18.4028,0.411111,0.444444,11144,5489
78.8106,15.7646,0.2,0.7,7162,27199
6.87756,4.34857,1.0,0.386111,29858,14378
24.5111,12.1715,0.447222,0.583333,33612,51700
54.7555,6.91075,0.0541667,0.81875,37170,36823
68.8639,6.20877,0.4125,0.186111,5655,3694
8.16124,16.8598,0.0972222,1.0,53163,556
22.2,6.92817,0.127083,0.35,16390,4929
6.92456,14.8973,1.0,0.372222,35519,14547
4.70881,14.7238,1.0,0.0555556,4546,34207
47.1567,9.78462,0.429167,0.15,13215,11012
14.425,0.949128,0.545833,0.347222,44230,51303
28.9519,8.91698,0.375,0.163889,29966,8930
20.1969,0.935643,0.275,0.125,19036,33579
67.8014,14.1489,0.222917,0.252778,37555,9083
37.4635,17.6825,0.302778,0.25,28219,15643
39.7209,11.0111,1.0,0.308333,35911,26066
26.7899,12.3846,1.0,0.7125,37899,32081
35.5226,9.53231,0.689583,0.20625,31377,20591
33.8805,13.8778,1.0,0.327778,34710,1674
56.9372,6.63903,1.0,0.505556,27364,8293
5.09205,16.582,0.375,0.240625,29762,21982
14.7171,8.53259,0.241667,0.170833,2634,10131
10.0134,18.9906,0.611111,0.58125,40976,31812
7.16482,11.346,0.110417,0.213889,47248,6756
7.55337,21.7438,0.1,0.325,48499,11321
40.1399,13.0941,0.18125,0.477778,53250,32930
25.0288,7.22392,0.188889,0.327083,51538,51209
47.4825,10.3644,1.0,0.522222,2230,32637
18.7744,16.1507,0.0979167,0.503125,13654,33056
27.7718,9.77667,0.514583,0.08125,25524,22761
4.15015,2.3481,0.0979167,0.555556,34458,20107
5.61039,13.7642,0.91875,0.245833,53567,40650
14.1006,1.14142,0.422222,0.533333,2118,51962
19.557,21.3336,0.758333,1.0,9147,21886
14.8078,15.3473,0.179167,0.114583,1527,54100
39.4544,6.87398,0.9375,0.204167,15559,28970
13.359,7.63993,1.0,0.227778,13284,44675
60.4259,7.35335,1.0,0.35,30849,2343
47.5518,14.2291,0.610417,1.0,52046,44295
45.2885,16.2941,0.125,0.129167,12717,6392
47.6746,8.09922,1.0,0.0861111,56898,43989
16.5882,15.6976,0.233333,0.791667,27649,43813
11.7921,2.97876,0.545833,0.25,5961,3930
62.1591,12.5068,0.41875,0.716667,53340,53152
41.187,12.5082,0.664583,0.25625,36280,26510
27.2593,9.17333,0.475,0.363889,25879,800
49.1033,6.23104,0.472917,0.65,14212,1980
28.6895,4.50895,1.0,0.08125,43757,55092
56.3514,14.0874,0.233333,0.0666667,34350,56318
17.0082,1.1496,0.447917,0.433333,8110,4854
26.2237,14.4556,0.761111,0.133333,48379,24326
28.3532,19.7923,1.0,0.683333,1046,13602
64.9861,12.9664,0.09375,0.753125,14084,29269
48.3452,5.58975,0.441667,0.147222,47000,22250
26.0107,16.3549,0.920833,0.741667,45394,52340
27.9732,4.92051,0.06875,0.436111,20791,49074
47.1468,5.88049,1.0,0.884375,30895,39823
25.2068,1.25645,1.0,0.80625,18015,3187
20.1315,20.4155,0.127083,1.0,10730,37511
21.942,16.1659,1.0,0.0777778,4785,6070
61.2281,13.1417,1.0,0.838889,36784,13932
34.0779,18.1857,0.477083,0.933333,55677,47457
56.8419,14.0778,0.3375,0.494444,10107,15818
35.4509,16.4117,0.475,0.660417,41342,13947
17.8552,1.91881,1.0,0.288889,23475,42264
43.9089,14.5563,1.0,0.269444,14949,9691
37.0131,9.60562,1.0,0.566667,2314,5832
40.0536,5.97948,1.0,0.31875,504,15676
11.1654,7.72009,1.0,0.3,12983,36359
13.0612,4.37829,0.254167,0.602083,55124,35670
18.3435,8.45015,0.497917,0.0805556,15,16668
59.2839,15.002,0.583333,0.136111,54263,49835
3.9211,12.964,0.1125,0.508333,12789,32001
34.3856,2.58196,1.0,0.358333,44909,21032
6.38306,9.53661,1.0,0.563889,47886,29706
40.4531,5.61924,1.0,0.860417,40089,30425
41.3651,12.7786,1.0,0.339583,41699,49930
23.4595,1.4004,0.0645833,0.191667,22424,11501
60.7687,14.9638,0.6875,0.316667,21015,28943
18.1148,18.2998,0.0833333,0.191667,31905,16840
5.56451,10.4612,1.0,0.230556,33145,10398
18.6457,3.82422,0.335417,0.802778,33521,3045
58.4236,5.08837,0.352778,0.386111,51113,715
17.0187,9.22908,0.75625,0.60625,44239,27232
25.9209,23.1437,0.302778,0.180556,37916,52153
31.2036,2.25362,0.0805556,0.35,33310,8513
14.1687,8.56191,1.0,0.675,21662,5429
31.2268,11.8542,1.0,0.622222,48708,27145
45.6113,10.6045,1.0,0.797222,50407,52468
16.2443,7.38108,1.0,0.485417,35288,55757
69.657,9.70093,1.0,0.697222,7494,55142
25.2523,5.07415,0.55,0.772222,29325,3229
71.1716,13.8091,0.663889,0.394444,41475,7491
25.2225,13.2911,0.244444,0.15,35396,4624
45.0729,17.4489,0.152083,0.558333,1790,9830
30.846,12.6815,0.2625,0.358333,54564,8455
64.1992,11.6195,0.386111,0.0958333,45321,12476
25.1673,14.7833,0.18125,0.397222,2984,31950
47.8466,17.2497,0.1875,0.122222,45973,20327
7.34274,7.17211,1.0,0.108333,26625,55027
41.5843,2.8922,0.370833,0.283333,21302,10207
5.14226,10.4527,0.145833,0.15,35333,25547
42.3279,15.3065,0.0861111,0.630556,35442,54227
21.2323,21.0404,0.166667,0.3875,10215,14109
60.4579,23.37,0.183333,0.0972222,46180,3879
28.44,14.2681,0.772917,0.169444,4598,50570
12.6107,7.73657,1.0,0.45,55062,21766
40.827,1.47612,0.208333,0.194444,54870,29276
4.77189,3.0302,0.0666667,0.0791667,17438,47903
8.66609,14.5428,0.147917,0.204167,32684,34347
58.0115,19.0222,0.388889,0.0777778,48249,33948
61.7437,12.1125,0.570833,0.560417,49494,46670
28.0529,9.98095,1.0,0.25625,34942,56155
36.4993,6.48024,1.0,0.136111,29050,24895
10.5069,8.77507,0.075,0.261111,46543,52933
43.6824,12.1899,0.264583,0.0805556,21451,1412
34.7899,6.27319,0.185417,0.330556,708,56540
59.6148,4.63796,0.272917,0.0916667,39171,17236
12.0158,14.9643,1.0,0.464583,40004,14801
62.8795,5.88378,0.622917,0.0729167,28321,41265
17.8472,13.4762,0.664583,0.297917,34527,12500
9.61938,10.3192,0.270833,0.472222,19332,27934
36.5804,3.50563,1.0,0.602083,33866,11521
28.2643,18.2383,0.29375,0.225,11331,33732
34.571,1.56894,0.51875,0.366667,47027,17116
58.8749,1.86585,1.0,0.238889,7166,48210
13.1111,10.3049,1.0,1.0,355,55760
64.527,12.9645,1.0,0.777083,2987,21225
5.03612,15.7063,0.3,0.914583,29529,18613
44.9094,8.77125,0.14375,0.0944444,34786,47255
41.408,18.5751,0.869444,0.944444,25313,32033
38.8001,5.03038,1.0,0.277778,47094,53319
20.9056,14.3517,0.895833,0.409375,6874,2546
19.4231,18.2563,1.0,0.0583333,13700,33757
45.8214,15.5227,0.475,0.261111,2228,53726
15.5935,16.0042,0.66875,0.144444,2301,32960
3.32009,15.8069,0.0854167,0.145833,20879,42498
56.992,14.4734,0.25,0.0694444,44462,33575
33.6032,7.33691,0.288889,0.483333,11911,1150
8.02565,3.95817,1.0,0.336111,2003,17685
42.8925,6.51353,1.0,0.197917,45491,16390
72.3468,16.3017,0.222917,0.422222,13193,1625
31.433,7.24078,0.0458333,0.0777778,13662,54525
45.2493,13.0449,0.988889,0.28125,9714,6093
49.2741,7.70162,1.0,0.51875,35943,522
28.2218,17.1593,1.0,0.713889,19912,42633
7.90005,12.7708,0.05,0.0888889,17265,19251
25.5873,0.726641,0.74375,0.0583333,23610,42832
50.1823,1.59817,0.272917,0.341667,28698,3782
34.7792,1.41282,1.0,0.4125,24887,54526
24.5261,7.70012,0.152083,0.0777778,34882,12186
36.1619,9.39001,0.61875,0.955556,55853,45186
64.637,10.6486,1.0,0.119444,46540,27430
34.6932,16.7614,0.377083,0.583333,39602,56881
27.0121,14.2643,0.0958333,0.236111,33584,17757
34.3147,5.1903,0.84375,0.127778,38597,25422
38.8122,16.6101,1.0,0.569444,42916,39517
6.66313,11.7501,0.0791667,0.379167,4090,14944
26.3819,11.3715,0.56875,0.93125,35451,9896
50.5043,9.20882,0.116667,0.266667,7736,5017
43.9126,4.94425,0.30625,0.402778,6174,25139
13.681,7.31966,1.0,0.269444,54705,17879
40.0385,3.97574,0.214583,0.870833,37108,20299
19.9358,8.70682,0.05625,0.355556,54450,7224
29.396,22.9898,1.0,0.633333,29043,11353
41.7414,2.12886,1.0,0.120833,9904,391
76.2365,4.52701,1.0,0.654167,12120,5666
62.5116,14.9035,0.119444,0.0625,44704,10995
43.0295,13.8366,1.0,0.605556,20945,27530
12.907,6.62984,1.0,0.35625,34650,22043
6.23884,14.0276,1.0,0.0583333,35748,29184
48.349,3.38204,0.285417,0.391667,9201,7314
10.1801,3.86999,1.0,0.313889,39729,1065
10.6731,8.68101,0.172917,0.316667,2867,51584
1.25735,17.7518,0.414583,0.194444,16418,48429
55.059,13.1028,1.0,0.2,52678,41185
46.4337,20.377,0.4375,0.710417,8250,29666
24.9551,7.41863,0.225,0.164583,53715,36462
34.3406,20.292,0.428125,0.538889,37514,50692
55.6973,13.2405,0.15,0.411111,5300,12043
7.13868,0.839884,1.0,0.683333,828,42916
20.2456,7.83516,0.991667,0.0791667,41445,12710
26.5896,9.31185,0.0625,0.4625,42680,43874
25.7024,13.7927,0.125,0.41875,40581,33488
4.50181,4.44906,0.991667,0.347917,14032,47131
18.7418,19.3007,0.43125,0.361111,6807,31659
25.0856,9.03369,0.347917,0.402083,20450,32831
59.1037,2.3051,0.125,0.0444444,3135,41011
21.0202,15.7368,0.127083,0.733333,24805,34929
46.6821,14.9525,0.16875,0.308333,4912,10558
18.7947,2.98739,0.741667,0.295833,27178,29406
36.9035,10.892,0.411111,0.5125,9174,34523
56.6331,12.6639,0.627778,0.197222,24408,25278
5.58989,13.0977,1.0,0.5,48966,21169
6.94989,13.164,0.272917,0.194444,34013,27485
34.2958,14.4588,1.0,1.0,3033,34783
14.8858,16.1534,1.0,0.4,7158,21322
9.76177,4.16954,0.347222,0.680556,29433,42956
45.7015,6.51772,0.44375,0.277778,41907,16085
14.6959,3.70822,1.0,0.363889,17731,49504
31.0352,14.8474,0.0979167,0.44375,50945,54462
15.6032,1.06126,0.14375,0.160417,31676,50821
31.8494,1.3328,0.229167,1.0,55304,8212
9.77395,10.7623,1.0,0.391667,30879,48096
60.0169,16.4755,0.19375,0.3,22194,9834
37.7711,3.77485,0.122917,0.936111,39485,32242
20.4511,11.8122,0.1625,0.58125,2690,32902
22.3428,15.4329,1.0,0.38125,33936,32715
27.4443,7.30988,0.585417,0.0638889,7439,26432
29.3151,8.7984,0.9,0.460417,6073,27696
63.1034,4.03514,0.347222,0.583333,23224,20100
44.5481,25.9282,0.305556,0.172917,15013,24164
16.5737,10.3682,0.135417,0.241667,23697,55776
18.471,18.876,0.154167,0.605556,48867,51671
1.21901,3.24851,0.454167,0.430556,30451,53314
37.5839,1.58597,1.0,0.130556,26244,42753
44.5518,11.3276,0.189583,0.338889,57106,49997
16.1051,2.82277,1.0,1.0,3341,20750
11.8367,17.5216,0.289583,0.241667,29363,37055
6.79604,3.77722,0.11875,0.41875,21791,17918
55.8419,2.36724,0.138889,0.191667,54293,32590
36.1142,5.91152,0.955556,0.55,6308,19583
44.4923,24.3383,0.577083,0.339583,15680,2782
15.593,3.93151,0.241667,0.286111,19742,50719
46.0525,11.8516,0.295833,1.0,17251,18168
36.725,7.35576,1.0,0.0972222,6126,31193
77.5166,4.64866,0.125,0.283333,45289,1475
35.417,8.75523,0.610417,0.197917,26691,23428
29.6421,15.4122,0.611111,0.735417,1513,32463
32.3525,10.4919,0.3375,0.163889,13235,48204
36.2073,8.65952,0.960417,0.361111,31140,45599
14.8839,11.1376,0.135417,0.805556,11420,13094
22.5821,7.26091,0.2625,0.379167,6064,26661
31.1623,4.23213,1.0,0.325,18980,31892
46.5214,25.2643,0.5375,0.711111,12790,2496
25.165,20.8659,0.644444,0.258333,22112,12957
45.6979,18.8052,0.0229167,0.488889,4067,9257
23.3691,2.79418,0.569444,0.386111,44385,22729
6.64581,13.4373,1.0,0.483333,35375,26401
48.2638,4.95714,0.888889,0.5625,27875,1536
61.3205,15.9795,0.386111,0.227778,43729,37813
24.075,14.5035,0.336111,0.516667,30520,54169
46.6743,15.5872,1.0,0.736111,11390,36913
49.0405,3.44117,0.0375,0.355556,54248,26758
18.2579,8.68622,0.266667,0.2,4561,39383
22.8368,11.285,0.59375,0.489583,54847,14203
8.60875,11.7292,1.0,0.805556,16696,9731
51.3528,17.2274,0.1125,0.18125,34304,2653
12.4357,8.75951,0.344444,0.3,22522,3524
23.0425,8.03033,1.0,0.491667,51576,52589
28.1513,24.6484,0.620833,0.313889,24833,50151
24.3177,4.41106,1.0,0.925,43482,55254
49.9595,5.69256,1.0,0.19375,24544,28713
27.4699,6.76966,1.0,0.1125,45279,10274
73.2754,16.0137,0.0520833,1.0,12878,33322
9.36995,18.5798,0.177083,1.0,56984,24920
8.61896,3.17716,0.35625,1.0,36305,12071
41.673,8.91861,0.397222,0.436111,29530,52474
22.5954,19.9724,0.1,0.505556,50712,50278
20.771,5.67661,0.320833,1.0,18736,35728
8.20583,2.62195,0.704167,0.278125,56071,52603
16.0851,11.0442,0.911111,0.361111,28486,55577
11.1964,7.55203,1.0,0.447222,27901,48989
28.2723,6.63114,0.05625,0.611111,2390,4737
7.75978,5.95683,0.419444,0.114583,2050,12937
31.588,6.87213,1.0,0.0666667,54920,37654
29.1822,15.2828,0.564583,0.544444,2367,49782
43.6263,1.45691,0.275,0.127083,11198,45428
32.3784,10.3524,0.286111,0.852778,48175,1680
7.84682,1.46234,0.563889,0.647917,39891,7878
52.0308,4.45174,1.0,0.611111,54448,2914
21.1376,1.96881,0.385417,0.488889,28398,44441
5.32536,6.60554,0.329167,0.211111,13648,4174
45.7426,13.6787,1.0,0.191667,54901,12115
6.55108,18.035,0.379167,0.847917,37501,39410
34.2024,14.5046,0.291667,0.513889,47445,53854
34.7956,11.2203,0.186111,0.16875,7363,57173
15.8819,5.27673,0.338889,0.23125,25496,56921
21.5125,14.581,0.461111,0.983333,20332,9506
34.8248,13.1945,0.522222,0.252778,26720,27165
52.5218,8.99591,0.475,0.544444,4016,35387
40.3012,23.7477,0.152083,0.0666667,40131,16642
13.828,15.5779,0.13125,0.663889,12779,17858
53.5937,8.7469,1.0,0.15625,50691,53811
23.087,15.3101,0.6375,0.166667,33847,55259
46.8145,2.75336,0.6625,0.247222,2969,22424
33.325,2.86633,0.320833,0.991667,27974,23515
33.9105,4.19003,0.222917,0.638889,1172,46449
64.6836,20.4146,1.0,0.5,41831,35203
34.9295,8.84537,0.69375,0.0958333,10053,46142
6.62741,21.8307,0.713889,0.747222,17024,18202
57.3014,6.28187,1.0,0.197222,31892,1494
30.3851,20.3718,0.85625,0.325,39317,18596
24.7565,4.90996,0.172917,0.102778,10645,15668
8.51499,9.54778,1.0,0.686111,47960,37705
55.8169,4.1219,1.0,0.0854167,22599,35292
3.68648,12.5351,0.763889,0.0583333,18885,33652
25.9827,2.40017,1.0,0.211111,636,15501
6.54436,14.7669,0.05,0.290625,25998,10918
11.2635,21.8917,1.0,0.466667,47921,3448
39.2711,10.8347,0.122917,0.433333,53114,55007
53.7305,2.72821,0.429167,0.111111,39576,11435
43.1791,0.654063,1.0,0.108333,28729,36871
40.2931,5.42879,1.0,0.721875,46809,27221
27.6783,6.87457,0.297917,0.520833,6708,6715
51.4147,4.15766,0.1375,0.969444,40935,48253
10.2106,1.46028,0.31875,0.233333,49320,40053
44.2373,18.7378,0.15625,0.688889,47976,34531
38.8374,3.69823,0.0458333,0.154167,50365,20659
33.6775,2.84442,0.4,0.202778,22825,45118
27.7916,15.4659,0.09375,0.241667,33620,29226
38.1118,6.28172,0.24375,0.477778,4652,4354
27.7323,17.0541,0.275,0.31875,45076,39937
35.9612,8.36766,0.704167,0.31875,40824,34876
9.51582,14.3606,0.583333,0.5,24460,19842
31.3494,9.94175,0.11875,0.0972222,9503,23182
37.7331,8.08487,0.908333,0.484375,18389,24426
6.87939,15.8907,1.0,0.438889,50094,26918
55.0778,15.9891,0.627083,0.294444,5150,47161
5.33186,17.6165,1.0,0.286111,33849,20898
25.3016,15.9331,0.579167,0.419444,53101,32595
36.1296,2.51148,0.0833333,0.175,21326,13498
50.6616,2.65661,0.108333,0.119444,49924,17784
7.95506,14.4905,0.677778,0.541667,36012,2227
34.6144,7.31274,0.983333,0.575,38414,40551
64.6983,11.344,0.689583,0.438889,11925,21460
53.0436,2.70585,0.733333,0.339583,12691,53406
67.2161,7.47161,0.3,1.0,44414,38984
56.5661,14.461,0.970833,0.433333,28417,18387
22.5156,9.85661,0.9125,0.2,3586,5678
16.7732,7.81173,1.0,0.411111,11051,6951
21.5834,1.26906,0.727083,0.341667,33461,38604
39.9363,20.044,0.0666667,0.519444,50103,18105
14.8035,17.3118,0.172222,0.202778,30799,47114
24.1301,13.0039,0.558333,0.430556,18034,29229
16.1532,28.0893,1.0,0.80625,14858,20589
58.6755,17.3745,0.113889,0.330556,50517,33696
58.6981,4.81565,1.0,0.263889,3165,48706
28.4143,16.3877,0.229167,0.266667,56732,27546
55.352,3.11223,1.0,0.422917,54936,19
35.488,19.8842,1.0,0.122222,41633,10057
21.4375,9.51374,0.166667,0.220833,14270,19374
56.6291,12.4348,0.08125,0.561111,40384,27249
47.6768,6.78764,1.0,0.111111,40498,39579
19.9235,14.7397,0.0416667,0.405556,44715,21837
14.2696,8.59753,0.995833,0.329167,13501,39548
44.7533,2.46982,1.0,0.0694444,18916,22096
20.0714,14.6255,0.19375,0.194444,13059,44516
28.776,5.99863,1.0,0.183333,55793,27610
3.23279,16.5743,1.0,0.438889,45650,44510
47.7403,14.3909,1.0,0.333333,5685,54191
43.1127,5.89774,1.0,0.152778,44178,44125
11.0694,7.42063,1.0,0.495833,53934,24704
50.3103,17.1564,0.275,0.179167,530,46508
25.2053,18.1397,1.0,0.111111,34199,25674
40.9973,13.421,0.233333,0.0833333,19579,29594
72.4794,13.4257,1.0,0.189583,55431,13433
22.7705,11.2543,0.275,0.241667,35399,49626
16.657,16.2335,0.288889,0.583333,28957,42822
59.239,14.5064,0.0458333,0.188889,21231,101
73.1265,7.83526,0.0645833,0.0888889,3277,49919
23.4916,16.0903,0.297917,0.320833,11009,32383
6.22158,23.7569,0.133333,0.270833,4930,1175
31.1364,11.9891,0.15,0.485417,32517,47135
33.8194,20.4291,0.279167,0.247222,30892,10792
30.2201,2.67619,0.214583,0.455556,19963,37145
43.7627,5.84958,1.0,0.394444,50272,47742
73.434,7.77074,0.197917,0.188889,8393,29813
37.2913,7.86522,1.0,0.491667,36904,53219
17.5423,21.5737,1.0,0.305556,30963,17254
18.6968,15.4669,0.133333,0.554167,6908,24634
25.6289,11.8406,0.652083,0.691667,25977,13415
45.5874,10.4143,0.647917,0.59375,4664,11006
36.6961,3.80374,0.802778,0.16875,24816,20417
6.56201,5.46826,0.229167,0.19375,24765,35515
44.9898,1.88614,0.9,0.383333,31980,51178
16.0896,12.7353,0.45,0.766667,4440,24366
44.839,1.91826,1.0,0.119444,39994,14230
7.32225,15.8793,0.829167,0.4,40997,10768
37.581,11.6789,0.279167,0.152778,26862,48865
39.8,22.0488,0.138889,0.327778,9183,726
27.84,15.3348,0.1375,0.361111,51319,811
18.8358,8.5656,0.04375,0.0722222,31036,53003
27.1636,4.57885,0.0666667,0.738889,11312,43604
36.2773,7.94003,0.680556,0.261111,19951,46827
44.3512,20.0804,1.0,0.269444,49448,41084
48.0843,1.7469,0.347222,0.810417,43923,19395
21.0966,4.9362,0.0888889,0.102083,11195,41182
9.32764,22.7788,1.0,0.239583,16706,19356
29.1453,11.2212,0.875,0.155556,8462,15736
12.4133,16.1365,0.141667,1.0,1276,27104
35.6542,3.9283,0.627083,0.105556,14860,45994
29.5704,11.994,1.0,0.0888889,46321,44983
50.9286,17.8522,0.964583,0.0777778,44799,40444
29.4772,3.5494,1.0,0.639583,35203,11281
60.9812,1.92187,0.547222,0.422222,30933,53291
23.4224,4.55445,1.0,0.129167,44801,39299
66.0509,15.4907,0.205556,0.127778,4465,5238
14.0398,12.5453,1.0,0.0944444,40128,24138
65.0978,12.3731,0.608333,1.0,21787,41477
36.4584,0.599676,0.95625,0.383333,43587,29975
37.1863,2.92249,0.352083,0.472222,55204,26901
65.7061,12.6635,0.08125,0.241667,55563,30916
6.196,3.36855,0.247917,0.533333,55714,3074
46.5603,8.14648,1.0,0.119444,511,46393
15.2035,8.66988,0.08125,0.0583333,24694,545
22.8464,8.22571,0.15625,0.258333,1331,41998
28.7754,15.9015,0.989583,0.352778,14385,48603
50.5425,7.26484,1.0,1.0,28053,29434
78.2917,18.7011,1.0,0.177083,32355,28736
24.4562,3.14095,0.154167,0.14375,21883,36225
46.6027,8.37977,0.886111,0.402778,2150,46481
51.1446,7.01533,0.183333,0.275,12755,12516
30.2026,2.65779,1.0,0.738889,11908,15321
23.9787,8.16015,1.0,0.43125,9589,38993
34.7081,12.8236,0.241667,0.327778,37330,5721
18.5766,5.28467,1.0,0.227778,6059,30922
26.0901,21.8097,0.0833333,0.152778,12056,56389
19.9445,16.4755,1.0,0.252778,10605,26438
61.1463,8.74027,1.0,0.0520833,8271,37941
20.7901,16.1967,0.297917,0.0638889,46626,35075
46.2902,20.7738,1.0,0.383333,23528,15122
14.1663,3.92951,0.829167,0.177778,27678,25369
23.2984,9.01647,0.60625,0.197222,23951,41222
49.7198,21.9586,0.0604167,0.140625,16557,46643
37.4612,6.84172,0.133333,0.433333,23183,12422
38.0064,8.43053,0.1125,0.425,46821,45123
52.742,14.6413,1.0,0.947222,39660,3904
19.4444,14.5868,0.521875,0.56875,17349,49707
66.7275,10.6672,0.0916667,0.8625,48368,16403
8.07088,9.46166,0.0625,0.48125,31923,13142
24.4362,15.7447,0.288889,0.477778,43433,53041
60.182,2.87153,1.0,0.475,30618,27337
35.8894,8.209,0.45625,0.761111,50969,30198
9.88407,3.24826,0.366667,0.452778,23286,41776
69.9259,14.5189,0.333333,0.645833,57042,6971
27.541,3.4445,0.114583,0.775,6176,50552
19.0869,3.69717,0.120833,0.45,44995,31005
31.7089,24.393,0.333333,0.2,19883,17576
22.5373,16.2947,1.0,0.283333,10493,6495
49.2954,8.77188,0.170833,0.7,2851,36821
21.1698,15.1004,1.0,0.425,3249,42538
6.04673,11.9349,0.952778,0.852778,32591,23939
21.6878,0.279475,0.3875,0.170833,14874,41999
62.5679,15.5717,0.125,0.0777778,56862,28019
38.942,3.35094,0.0645833,0.477083,31588,42776
36.8679,14.7995,0.135417,0.391667,43601,9554
89.4178,16.1895,0.547917,0.272222,4624,18265
6.21386,11.858,0.408333,0.472222,46842,52165
10.8391,2.51961,1.0,0.197222,13641,4941
26.0587,12.5861,0.794444,0.641667,37526,32872
30.4402,9.97028,0.20625,0.222222,28624,49042
13.5111,0.412286,0.20625,0.61875,41768,15566
71.2049,12.3847,1.0,0.0791667,10091,32070
71.8159,15.5748,0.170833,0.428125,45346,5650
21.3507,6.73799,0.08125,0.658333,26261,43882
19.3979,6.16454,0.0916667,0.1375,57004,21506
49.4636,6.02397,0.252083,0.122917,52683,41350
6.2594,8.51954,0.325,0.310417,32343,50056
37.2217,13.3697,1.0,0.544444,30668,41898
39.7181,14.4826,0.197917,0.29375,47443,42067
62.2608,11.2951,0.0541667,0.191667,55337,26492
60.0499,9.78175,0.683333,0.0694444,22017,1207
54.3224,11.5262,0.45,0.65625,49385,8913
14.3107,12.7478,1.0,0.711111,1259,28239
23.0622,16.8743,0.894444,0.691667,4977,4912
28.7906,21.8733,1.0,1.0,30045,17525
50.0959,10.0704,1.0,0.411111,27209,48043
45.2532,1.91556,0.313889,0.725,41652,3038
34.7711,5.14666,1.0,1.0,38740,19904
26.7264,18.0521,1.0,0.110417,7042,36010
21.1889,13.417,0.479167,0.25,8678,2942
47.199,7.30377,0.229167,0.297917,2658,32951
49.8669,3.6245,1.0,0.272222,41644,19234
15.9223,11.3772,0.410417,0.230556,36191,15735
36.11,19.9739,1.0,0.0777778,20711,54023
3.71089,6.59191,0.191667,0.452778,44346,34243
25.4328,15.9862,0.561111,0.708333,10388,29072
39.2165,12.8213,0.0958333,0.30625,21027,38615
40.6548,5.89919,1.0,0.377778,52350,53645
30.6126,5.67024,0.83125,0.302083,55809,46675
40.8426,14.8969,0.133333,0.541667,52828,1413
14.8065,8.64654,0.235417,0.316667,56466,10384
44.1874,15.8713,0.108333,0.69375,9337,45838
44.7185,8.74371,0.327083,0.805556,29657,31877
21.1098,16.308,1.0,0.144444,1170,36877
12.832,3.05166,0.15625,0.316667,11147,38293
58.1282,12.4934,0.13125,0.938889,33669,47795
26.5666,13.7488,0.44375,0.494444,45086,18073
11.6342,4.04378,0.0645833,0.722222,50220,13718
30.7076,15.8965,0.435417,0.158333,51541,49461
31.1304,17.0643,1.0,0.119444,585,14384
62.8471,4.54799,0.694444,0.302083,14746,18188
8.36454,16.0004,1.0,0.075,10794,50020
8.06005,5.61297,0.895833,0.81875,39011,1249
49.934,7.15012,0.73125,0.25625,389,29353
44.3989,21.2145,0.420833,0.141667,41554,6181
15.4869,3.69052,0.683333,0.0666667,42722,13588
19.306,17.4269,0.0520833,0.741667,38735,7830
7.1389,4.8166,0.772222,0.163889,14672,42725
44.9281,7.25628,0.51875,0.452778,32798,45711
9.69795,12.9851,1.0,1.0,19630,56952
6.42585,0.362381,0.436111,0.377778,14172,9794
8.35014,1.81312,0.0555556,0.216667,17318,7139
18.6941,10.2595,0.0479167,0.652083,49362,41501
68.7394,4.96321,0.904167,0.605556,2990,2824
39.4551,9.27986,1.0,0.416667,17749,12561
45.8215,5.52439,0.227778,0.472917,18872,5741
39.6578,13.22,0.05,0.4875,46417,1601
56.6141,6.93528,0.204167,0.578125,44894,39830
66.6185,12.179,1.0,0.16875,38811,12209
45.4329,7.39197,0.0972222,0.109375,1053,40146
37.4535,15.0988,0.527083,0.788889,40757,21605
11.66,20.3622,0.547917,0.302778,37984,23204
57.8648,12.5761,1.0,0.277778,31418,46694
39.0606,3.83114,0.210417,0.741667,35919,47872
41.9186,0.136883,0.24375,0.669444,31347,54257
40.9377,5.51163,1.0,0.513889,40336,28234
9.79283,2.74514,0.222917,1.0,50152,13822
3.99972,12.6458,1.0,0.319444,13494,38807
55.6666,15.7771,0.0375,0.38125,44642,55638
40.4969,15.0995,0.360417,1.0,55637,2365
27.9338,3.951,0.11875,0.383333,45127,56413
47.3655,16.5358,0.654167,0.594444,16219,20834
66.121,21.7245,0.4,1.0,54883,41503
30.0909,12.9275,0.222222,0.130556,30300,16498
62.3778,5.61317,1.0,0.116667,19093,42440
24.4504,2.66938,1.0,0.345833,7065,24747
42.9608,0.878202,0.4625,0.297222,29484,33913
45.6621,21.3655,0.152083,0.375,18978,44950
18.4607,0.517067,0.127083,0.378125,2121,12148
50.6071,12.7333,0.845833,0.316667,9257,36873
38.0336,10.449,1.0,0.575,1623,42232
52.3591,10.8727,1.0,0.129167,31407,33173
60.2567,10.5258,0.304167,0.6125,30902,9908
24.3054,5.46324,0.520833,0.18125,38090,39017
14.5,16.0985,0.102778,0.4375,45373,25249
47.8571,15.7445,0.839583,0.43125,43162,30511
21.6663,15.1617,0.935417,0.172917,56772,47947
43.1306,9.66506,0.120833,0.208333,55049,6098
17.8424,10.7701,0.308333,0.483333,13506,25598
31.3521,1.26344,0.14375,0.136111,10278,43305
37.2102,7.60775,0.154167,0.453125,6608,56837
15.8272,13.3039,0.330556,0.580556,55257,42727
28.0851,8.31899,1.0,0.31875,47198,12666
64.227,14.9492,0.23125,1.0,15314,57068
6.94726,15.1264,0.160417,0.613889,49952,2236
16.5541,10.2495,0.264583,0.5,47265,7730
18.5499,15.0458,1.0,0.227778,41769,2586
60.9801,17.5959,0.361111,0.319444,22332,28289
11.0212,16.5999,0.0416667,0.372222,6216,9028
49.5584,5.84205,1.0,0.616667,6386,43972
62.7542,2.90127,0.1875,0.380556,49865,22274
5.97887,6.51446,0.566667,0.0666667,55093,44838
24.1072,13.2845,0.772917,0.372222,13092,19517
12.307,1.38471,0.18125,0.5,48364,3195
51.3504,6.42482,0.14375,0.35,43117,25762
20.3398,16.1684,0.229167,0.527778,15466,9715
30.9196,6.6722,0.329167,0.352083,21075,12446
57.9682,11.9135,1.0,0.116667,50147,14983
35.3433,13.2639,0.4,0.533333,12716,18440
38.9832,11.3055,0.216667,0.463889,4892,23949
28.6045,12.8591,1.0,0.388889,4602,45758
44.2627,5.23787,1.0,0.0791667,53345,46539
22.8797,9.28622,0.1125,0.122222,46552,27859
19.7665,6.05878,0.311111,0.075,7431,19457
55.7076,12.2913,1.0,0.659375,28962,39198
18.9047,7.97992,1.0,0.594444,45570,52033
29.7959,17.3899,0.702083,0.308333,1702,1665
62.1228,4.01933,0.489583,0.288889,4218,16930
15.8051,8.4957,0.0625,0.161111,20453,21919
2.67247,4.87317,0.110417,0.704167,6964,54636
30.8452,15.1243,0.09375,0.230556,30541,30865
35.882,19.2862,0.214583,0.352778,49328,57060
63.6502,6.30448,0.758333,0.827778,747,9057
42.4332,18.4266,0.708333,0.119444,43195,25957
12.1696,4.00683,1.0,0.369444,26422,57407
73.1332,13.8844,0.379167,0.625,31686,17249
70.7354,11.9096,1.0,0.630556,7029,34607
17.7975,14.3431,1.0,0.877778,57571,7981
33.061,29.1604,1.0,0.452778,37723,53308
21.8739,1.25245,0.166667,0.604167,11205,49105
51.202,8.21135,0.139583,0.502778,3142,8853
17.4403,3.31267,0.2125,0.15625,9191,48015
60.2327,16.1364,1.0,0.25625,23311,40822
53.5192,5.19008,1.0,0.205556,5263,54677
47.5931,11.3082,0.0604167,0.320833,1853,861
31.2412,7.4881,0.341667,0.13125,28580,28838
15.2652,11.7489,0.80625,0.308333,50288,5317
3.93947,5.69037,0.135417,0.6,24015,32396
5.91546,19.5478,0.327083,0.872222,1924,27985
40.4016,10.6838,0.10625,0.240625,13349,40568
43.824,9.22874,0.820833,0.433333,32140,30250
47.0947,3.29776,0.991667,0.177778,13747,5614
36.8096,4.16183,1.0,0.495833,26946,19329
61.7432,7.69248,1.0,0.202778,16888,42582
16.8756,16.7556,1.0,0.533333,33550,13287
33.5624,8.78051,1.0,0.733333,998,41401
45.9511,15.1299,0.254167,0.225,24142,40728
27.5559,10.3356,0.320833,0.2625,21271,50208
26.3836,15.3213,0.0729167,0.172222,21563,11552
29.5434,9.36974,1.0,0.527778,44891,39098
17.4152,0.711722,0.50625,0.261111,52081,47833
35.3238,13.2639,0.847917,0.455556,8269,19768
32.273,1.94015,1.0,0.2875,32369,53245
15.9836,11.6983,1.0,0.09375,27708,41531
25.3832,3.03653,0.230556,0.0895833,47134,35652
52.4242,8.76938,0.179167,0.119444,17769,50981
4.5872,6.85849,0.177083,0.766667,25397,44478
33.788,4.36724,0.333333,0.655556,56585,42174
46.9856,12.4352,0.0833333,0.202778,12992,5241
19.3261,4.68743,0.04375,0.354167,2692,45078
24.5796,16.6036,1.0,0.490625,27531,26020
56.0639,14.8277,0.314583,0.219444,24143,32956
16.1608,7.03111,0.327083,0.622917,47900,25456
40.7148,4.30269,1.0,0.0916667,30671,39258
39.4003,4.13037,0.145833,0.813889,49300,56519
31.6889,6.86681,0.358333,0.075,4001,15354
27.7064,19.5186,1.0,0.597222,40680,57411
41.4482,7.56951,1.0,0.158333,16091,27284
36.5047,13.8399,0.236111,0.166667,5108,30616
82.8788,6.43051,0.184375,0.102083,13425,7902
75.9128,7.04872,0.18125,0.216667,54043,37123
5.5466,14.2003,0.338889,0.380556,141,29510
6.59819,4.70563,1.0,1.0,37446,9918
25.9036,13.4077,0.886111,0.535417,46129,11624
36.5666,10.7868,0.819444,0.414583,2171,24751
72.4125,13.8608,0.2375,0.575,18871,13493
33.6998,18.1518,0.664583,0.158333,3683,25546
18.551,6.31087,0.96875,0.233333,40456,13722
58.4666,1.23022,0.336111,0.166667,10963,57243
79.2261,16.2773,0.135417,0.983333,957,41309
46.6245,12.7318,0.0875,0.491667,41327,1211
31.5496,4.98684,0.920833,0.147917,46588,28634
7.35711,14.9807,0.458333,0.377778,2680,45490
31.9566,9.97338,0.358333,0.516667,47897,14508
30.9659,0.698764,0.116667,0.35,27920,13598
13.4575,16.217,0.389583,0.145833,19910,21524
39.7503,10.4165,0.10625,0.216667,29436,26936
53.843,11.2518,0.266667,0.472222,13065,40477
35.5451,1.88803,0.197917,0.119444,17121,54598
59.7368,3.68851,0.233333,0.4125,16359,12972
44.2829,17.228,0.960417,0.258333,29704,57010
73.0426,7.07081,1.0,0.241667,19307,46399
3.50657,8.98881,1.0,0.144444,45536,37175
2.21374,2.40356,0.516667,0.49375,9334,50024
6.1647,15.0953,1.0,0.0805556,30669,47412
50.4793,14.1901,1.0,0.252778,1845,8361
40.1195,6.90888,0.147917,0.308333,3741,57357
35.1662,7.18835,0.116667,0.472222,13093,26146
6.8277,1.77573,1.0,0.313889,29217,53079
8.62756,16.8903,0.802083,0.113889,15520,5825
57.538,14.351,1.0,0.341667,16309,20158
46.2995,12.9746,0.95,0.433333,27003,26238
39.8531,14.895,1.0,0.166667,55469,41489
38.1568,3.92959,0.197917,0.530556,50863,47120
49.2072,12.3988,1.0,0.213889,7100,43172
29.2491,13.949,0.53125,0.634375,31893,19202
64.2616,13.9016,1.0,0.714583,27891,22268
12.5988,10.0862,0.30625,1.0,23712,50426
41.4026,16.5119,0.13125,0.897917,30967,26406
14.8224,2.63113,0.125,0.597222,37974,17789
11.3522,6.40945,0.222917,0.552083,50859,13281
53.7499,20.7019,1.0,0.485417,19014,22575
39.5048,2.05412,0.1875,0.441667,44952,4356
26.4259,6.76181,0.872222,0.169444,17354,4461
9.44674,4.68697,0.819444,0.225,51057,36693
17.7747,9.53422,1.0,0.130556,44352,43771
32.9609,3.90125,0.427083,0.291667,28348,19709
14.1204,7.11196,0.03125,0.45625,48652,19209
16.743,15.182,0.458333,0.572222,36574,25947
18.7923,18.5857,0.152083,0.313889,24706,33833
51.6353,0.021585,0.747222,0.138889,55917,55774
18.3419,3.23316,0.0694444,0.358333,42031,55114
27.5555,0.37036,0.202083,0.122222,25089,48702
88.9704,18.6504,1.0,0.225,52236,29242
48.8594,13.2376,0.0805556,0.344444,33590,27019
64.8939,14.1178,0.260417,0.680556,12718,23755
28.1343,6.36203,0.372222,0.4,8517,5880
42.234,11.4117,0.969444,0.164583,55089,17831
13.1622,3.04154,1.0,0.597222,36852,36758
34.0345,14.1078,0.158333,0.436111,25830,36097
58.6168,3.72234,1.0,0.238889,35391,32311
72.683,6.9549,0.263889,0.59375,46511,27737
30.8115,15.9705,0.0854167,0.466667,17336,53729
34.0255,19.7035,0.841667,0.875,2812,41392
15.75,8.62472,0.789583,0.525,19482,51160
5.17061,16.7187,0.141667,0.161111,4826,48473
43.0119,14.9295,0.139583,0.604167,55372,6838
41.6202,6.0976,0.822917,0.2375,53455,21906
8.62564,7.20597,0.716667,0.185417,37735,37109
39.4109,4.37474,0.977778,0.519444,21063,11114
9.2058,15.3062,1.0,0.222222,19115,23375
33.8618,8.39323,0.695833,0.3,32723,57377
56.712,11.7627,0.0833333,0.235417,16317,34785
45.0425,8.88568,1.0,0.144444,6617,36716
65.6978,6.67686,0.1375,0.2,22658,56196
14.2801,13.1937,0.1125,0.483333,36795,31024
40.8952,21.4831,1.0,0.441667,10207,57214
25.4833,6.35015,0.122917,0.0916667,52590,12068
49.13,3.79862,0.422917,0.171875,30797,25786
38.9034,11.3983,0.95,0.213889,10946,18282
5.18267,16.9672,0.396875,0.215625,30899,38938
10.3349,12.5432,1.0,0.336111,33899,956
37.7905,7.47174,0.994444,0.246875,49915,42467
74.2078,13.6664,0.470833,0.711111,33189,48459
29.2057,11.8731,1.0,0.0604167,23016,14834
50.9631,2.89025,0.494444,0.291667,50182,46767
14.1152,9.38671,1.0,0.277778,1360,36533
61.2972,6.2843,1.0,0.560417,7031,35951
67.9643,16.3475,0.333333,0.625,4006,51940
16.6364,11.9485,1.0,0.302778,29787,9579
5.58406,4.04737,0.355556,0.578125,36710,20929
9.78189,9.8987,0.505556,0.285417,43361,21991
5.57679,3.38946,0.339583,0.19375,41366,7745
20.3704,11.1537,0.694444,0.486111,16926,42929
7.44314,1.61028,0.436111,0.660417,32669,34336
58.0406,9.44233,0.289583,0.136111,30094,6097
26.9248,11.7925,1.0,0.25,24684,24463
14.6977,0.0223845,0.165625,0.13125,27673,1993
17.8952,4.40975,0.270833,0.591667,5665,44650
64.6468,8.12972,0.06875,0.139583,3836,5778
17.7846,15.047,0.575,0.441667,32588,5621
32.9447,3.04085,0.445833,0.3,11224,3968
44.1354,2.85286,0.3,0.413889,51219,47268
17.9456,16.9209,0.695833,0.391667,39571,40673
69.7469,2.27362,0.205556,0.425,54614,33624
39.6773,5.58223,0.64375,0.189583,50713,7555
21.3812,25.9539,1.0,0.211111,20510,51598
59.8993,9.69999,0.280556,0.536111,47541,1372
69.0772,2.97169,0.644444,0.238889,31157,1570
23.4115,14.8983,0.141667,0.6,37820,15604
3.72365,14.7104,0.0958333,0.888889,41540,51852
38.5272,3.75165,0.652083,0.330556,17169,4483
19.3113,5.94583,0.266667,0.0625,22829,44124
16.0897,8.66779,0.927083,0.313889,7236,23972
43.0514,23.3913,0.102778,0.35,22939,4665
26.3552,5.69308,1.0,0.44375,7345,21599
36.8717,11.6683,0.514583,0.375,5307,36780
8.15525,15.5441,0.1,0.172222,35296,25697
38.8222,9.73632,0.955556,0.125,33589,54291
51.8318,10.6784,0.2,0.363889,18594,39778
31.1505,3.98986,0.0916667,0.116667,12796,11677
50.466,10.8039,0.0895833,0.509375,12410,3020
27.1006,11.0495,0.0875,0.320833,9882,13866
29.354,4.32234,1.0,0.366667,28010,12152
44.78,14.1746,1.0,0.09375,9388,40612
25.8919,10.2324,0.40625,0.471875,26922,8221
30.5175,21.6299,1.0,0.880556,31302,27321
48.2921,22.6817,0.189583,0.44375,8359,50737
16.3711,18.633,0.141667,0.61875,2221,51630
29.1131,12.4505,1.0,0.427083,21201,46321
11.2932,2.47503,0.13125,0.583333,3211,38511
11.3448,11.5316,0.691667,0.561111,44548,32202
54.639,10.4548,0.810417,0.233333,54071,53028
10.3674,4.87326,1.0,0.661111,38528,51387
22.0314,8.72776,0.0583333,0.316667,44771,24504
41.0694,11.4906,0.135417,0.669444,21026,42506
37.4568,10.9188,0.275,0.264583,39654,11141
73.2509,12.4432,0.06875,0.1375,8677,48811
64.7739,4.73514,1.0,0.245833,39588,11574
25.2817,2.21741,0.227083,0.772917,56007,29955
12.6834,14.4189,0.997917,0.355556,39236,15605
20.9439,11.03,1.0,0.591667,45445,47108
65.5196,9.06645,0.894444,0.0777778,48622,25053
15.5812,12.6862,0.164583,0.295833,54703,38654
39.1892,1.9714,0.116667,0.222222,31397,28209
90.329,2.5812,0.25625,0.135417,32749,4334
4.35904,14.1039,0.575,0.233333,10044,12133
21.6187,3.95255,0.108333,0.441667,25523,4420
11.2265,2.15932,1.0,0.46875,12475,7539
65.1089,7.46636,0.0666667,0.660417,26126,48595
39.6335,2.50426,0.205556,0.366667,23489,45047
50.4837,8.37215,0.0895833,0.347222,51440,50602
21.8204,1.05816,0.0729167,0.402778,39932,4165
38.1111,25.6282,0.3,0.316667,38270,1054
37.9515,9.04619,0.275,0.4,30791,46899
17.186,17.3826,1.0,0.477778,24595,23487
41.5303,10.9368,0.408333,0.629167,44999,42387
37.2708,9.65564,0.541667,0.85,33233,43581
11.5536,13.009,1.0,0.269444,18264,57224
44.0371,5.20475,0.7125,0.822222,31533,41078
3.3587,12.2227,0.952778,0.575,41842,12334
50.9171,25.6791,0.0722222,0.833333,337,7975
64.8478,14.5438,0.05625,0.119444,39950,8336
22.7057,10.4289,0.15,0.222222,21329,45570
18.1105,6.86027,1.0,0.346875,21561,28595
11.3513,7.70465,0.233333,0.286111,16574,35045
44.3337,10.1774,0.102778,0.852083,22154,15177
23.1763,4.66333,1.0,0.319444,9484,18501
36.2171,2.6637,1.0,0.633333,48275,23436
28.871,14.1473,0.908333,0.6,47514,14833
28.2993,11.1896,0.1625,0.5375,35246,51743
44.1614,7.05596,0.0541667,0.0555556,47544,13854
19.41,18.9427,0.652083,0.622222,51189,19948
5.2761,13.029,0.102083,0.694444,5773,47703
18.0296,8.03776,0.23125,0.177083,36792,37015
48.6189,15.6295,1.0,0.28125,48771,47048
19.864,6.05042,1.0,0.158333,54129,32149
53.3431,12.2282,1.0,0.119444,49309,44370
38.8854,0.852285,0.166667,0.19375,2448,8230
2.49592,21.8786,0.714583,0.208333,40647,48694
37.3524,11.3717,0.672222,0.641667,17122,38838
36.665,7.40604,0.108333,0.438889,6739,50095
21.9598,20.0992,0.89375,0.325,19829,56990
11.9876,3.61391,1.0,0.378125,29194,26048
23.1639,14.6148,0.05,0.2,21449,29606
38.3015,8.13062,0.23125,0.0694444,23258,29199
71.0131,16.1231,0.733333,0.18125,10324,56897
44.8946,17.4941,0.164583,0.255556,37849,46322
55.2871,22.8631,1.0,0.208333,25317,8400
28.2239,20.8404,1.0,0.391667,15810,45928
49.8402,4.45207,0.275,0.371875,51898,25881
45.9624,11.341,1.0,1.0,40199,30477
28.0536,1.6766,0.0916667,0.591667,22034,16984
59.4595,2.20681,0.627083,0.252778,40967,270
22.2255,1.74596,0.202083,0.196875,52666,17800
18.2179,25.8468,0.988889,0.127083,13815,6310
37.0805,6.49414,0.497917,0.566667,54648,24190
32.6504,12.9543,0.05625,0.280556,54579,38221
2.14208,10.3615,0.977778,0.13125,2678,42324
33.2676,16.5086,0.202083,0.49375,22492,43920
20.1194,8.15291,0.379167,0.294444,10258,33193
24.629,12.5318,0.491667,0.15625,7737,52935
42.3358,19.0473,0.195833,0.527083,6532,23185
10.1569,10.998,1.0,0.408333,14586,50811
11.1635,16.6656,0.558333,0.325,22038,2174
38.6009,8.63446,0.1875,0.594444,7148,21618
46.1399,17.2755,0.395833,0.322222,56358,45523
53.7163,10.2335,1.0,0.680556,18939,32433
15.0643,9.42267,0.927083,0.360417,47905,31073
31.1643,2.38774,1.0,0.18125,42473,12018
57.0407,11.8041,0.166667,0.130556,5347,54212
40.1941,3.39163,0.133333,0.766667,7691,11359
9.44093,12.1915,1.0,0.336111,41886,44715
49.7178,2.75428,0.872222,0.533333,40296,24828
41.1184,12.3843,1.0,0.15,12684,9798
22.0886,11.4994,0.98125,1.0,6497,14948
57.649,24.4754,0.935417,0.386111,47225,6706
55.2786,12.9512,0.129167,0.222222,43686,15420
51.9645,0.703642,0.56875,0.239583,43127,54315
27.1354,2.31512,0.41875,0.819444,36723,17113
38.3899,4.48846,1.0,0.383333,16229,36051
8.0711,15.1458,0.13125,0.40625,28727,35801
67.4883,6.5187,1.0,0.436111,53593,23637
31.6403,7.55835,0.304167,0.294444,13826,29538
55.865,4.0997,0.0458333,0.139583,53551,46521
12.6166,10.2928,0.0805556,0.513889,18158,11189
66.552,1.61752,0.122222,0.769444,51018,8956
42.3664,10.7646,0.497222,0.202083,14580,161
35.374,8.9786,1.0,0.102083,17614,53347
13.8093,14.2314,0.202083,0.483333,24441,46240
10.8415,2.83859,0.819444,1.0,7772,17407
5.29269,14.8501,1.0,0.24375,26095,17672
7.05642,14.5099,0.141667,0.285417,12791,19901
42.5435,23.3284,1.0,0.908333,15163,18133
96.0619,8.43896,1.0,0.394444,34268,4997
28.1911,5.76637,1.0,0.125,51184,1259
10.3198,4.34572,0.319444,0.144444,165,7164
25.1081,7.15399,0.0944444,0.869444,18335,55599
33.9763,19.5238,0.255556,0.275,32161,54561
5.17792,17.0193,0.552778,0.309375,7346,3017
12.3344,5.37613,0.902083,0.669444,57364,6316
30.0958,3.55214,0.297222,0.304167,8469,3500
9.94494,2.10387,0.133333,0.572222,10501,49559
49.3069,19.0652,0.20625,0.202083,53747,13881
30.9634,4.13742,1.0,0.355556,36863,44342
39.9915,6.14818,0.3125,0.575,5507,14067
9.2583,13.9918,1.0,0.397917,25784,55880
12.3363,9.04709,0.25625,0.741667,10038,51411
15.1238,7.91826,0.291667,0.119444,52783,26393
17.7929,13.2005,0.59375,0.594444,18679,5051
46.7077,11.5754,0.591667,0.444444,23937,5683
28.2249,1.87861,1.0,0.739583,28164,27875
14.5928,18.7452,0.25625,0.49375,36395,52950
57.1675,10.1795,0.222917,0.113889,55368,5823
35.8834,12.5413,0.08125,0.288889,56937,12528
24.9706,1.59643,0.0958333,0.472222,478,49229
62.0487,11.3232,0.197917,0.0854167,54850,29298
37.6866,13.9943,0.691667,0.102083,20337,18398
37.8603,15.2354,0.46875,0.222917,37118,56309
8.40228,9.62999,1.0,0.272917,54912,34165
50.4696,14.2571,0.3375,0.788889,16085,36905
50.6761,9.02151,0.0708333,0.552778,47478,40831
20.5097,8.97871,1.0,0.472222,30460,15432
66.7695,4.97304,0.175,0.733333,6407,35674
23.9626,18.8343,0.225,0.222917,39432,10602
34.476,1.44147,1.0,0.4125,6834,42736
10.7713,10.41,0.0979167,0.172222,40009,38929
11.0675,14.5313,0.31875,0.325,7784,48776
67.3903,12.9414,0.48125,0.427778,45431,2362
50.6818,13.391,0.0895833,0.294444,3604,53481
21.1002,20.0558,1.0,0.377778,2785,8426
24.0815,17.4411,0.197917,0.622917,7279,15304
53.0213,17.4938,0.277083,0.616667,19518,50767
15.4382,5.61736,0.0805556,0.191667,26665,31596
59.8185,11.8135,1.0,0.7125,3731,25191
19.8788,16.6465,0.0770833,0.777778,33592,17923
42.3478,13.3023,1.0,0.903125,36001,52251
38.5506,6.99315,0.741667,0.577778,4255,56349
41.9075,13.9251,1.0,0.211111,9638,14084
18.0077,14.1935,1.0,0.130556,23824,45329
23.6779,14.1437,0.513889,0.175,3418,11206
55.7424,11.2611,0.147917,0.0895833,9249,6961
46.6033,6.40971,0.585417,0.769444,20748,54741
27.9884,22.4364,1.0,0.633333,9796,49808
9.02527,12.9873,0.458333,0.738889,24678,11806
29.232,2.83724,0.14375,0.394444,54157,34945
38.5623,11.2708,1.0,0.15625,54738,29961
22.471,13.1875,0.477083,0.408333,29393,44992
31.7976,13.6096,0.613889,0.561111,2741,9580
30.939,18.8972,0.225,0.297222,45229,47458
27.2878,4.41211,0.154167,0.605556,8547,26616
15.9563,4.42188,0.272917,0.178125,24072,53924
25.5384,11.2968,0.622917,0.15625,27197,44755
12.8291,6.10821,1.0,1.0,7059,9290
43.4535,18.0394,0.39375,0.197222,52156,22221
42.9635,9.28456,0.541667,0.644444,20223,3911
29.1567,9.1561,0.691667,0.125,13518,45374
23.9346,7.86143,1.0,0.355556,19527,21784
15.2978,16.1495,0.98125,0.375,45490,3916
6.33471,2.51462,0.804167,1.0,30056,6522
47.484,10.32,0.202778,0.177778,17419,45761
11.8403,1.6994,0.788889,0.295833,48979,25623
88.9742,16.4638,0.370833,0.169444,16320,39452
35.7294,18.6034,1.0,0.377778,52187,12913
47.0124,15.187,1.0,0.353125,38379,12599
15.1294,16.675,1.0,0.954167,14245,6491
41.0461,17.0348,0.144444,0.258333,33585,36824
15.6179,3.18144,0.2875,0.210417,48198,23947
46.0159,2.33573,0.263889,0.230556,37484,7112
22.495,6.37164,0.139583,1.0,37075,27424
19.433,15.3408,0.189583,0.183333,7507,9907
48.5346,18.1814,0.391667,0.470833,10735,26893
32.0899,8.59955,0.163889,0.129167,54402,43475
49.4526,9.95582,0.470833,0.290625,43650,14467
29.5163,2.50836,0.391667,0.233333,4170,44219
16.743,10.7901,0.313889,0.458333,44244,21049
25.9009,5.17399,0.136111,0.702083,8555,22488
20.0647,13.864,0.627778,0.194444,15709,49593
20.4131,12.8316,0.0833333,0.591667,35355,56688
10.9533,2.88756,1.0,0.416667,50914,11173
27.4268,18.7706,0.6125,0.308333,49745,23920
26.515,16.2138,0.354167,0.791667,54038,10761
15.5511,17.5164,1.0,0.825,40606,52563
11.6574,12.7456,0.497917,0.0541667,38199,41156
19.492,21.8681,0.583333,0.0944444,39942,31400
80.0479,6.65098,0.5125,0.294444,28653,35761
30.0599,18.4797,1.0,0.275,24479,43956
42.4066,5.71385,0.535417,0.221875,24045,19719
34.1035,11.9372,0.225,0.8875,52602,2579
25.3072,14.0346,0.338889,0.872917,157,23304
36.9127,10.0063,0.535417,0.93125,423,44417
50.8762,0.896055,0.320833,0.21875,21094,36590
77.1882,18.3409,0.114583,0.458333,24077,8430
27.2653,19.3028,1.0,0.220833,8234,43380
39.8546,15.582,1.0,0.69375,55696,38523
24.7979,10.4575,0.122917,0.19375,26986,44709
32.2622,7.68121,0.910417,0.0944444,16394,54441
6.68138,26.0416,0.966667,0.858333,18863,57238
15.913,5.68901,1.0,0.15,51382,5748
61.0903,1.58012,0.772917,0.35,9963,36274
6.97948,13.449,0.320833,0.1375,21146,11250
12.4339,4.6102,0.104167,0.25,51425,17099
12.7782,16.2564,1.0,0.752778,9089,38059
37.7549,0.296473,0.885417,0.463889,30330,42328
18.7581,18.174,0.129167,0.333333,13550,14939
22.5402,8.11808,0.420833,0.24375,40067,4148
10.2753,2.55764,0.691667,0.0916667,57168,32187
22.0315,0.949706,1.0,0.204167,31868,44924
14.4192,26.9279,0.16875,0.297222,47801,27086
33.9551,18.9349,1.0,0.130556,11769,49861
75.1294,2.3671,1.0,0.252083,42679,2951
15.9135,6.80043,0.622917,0.889583,6069,9029
59.9103,17.4869,0.69375,0.45,28578,14208
11.9677,9.60468,0.0645833,0.746875,32976,25902
35.7401,9.62661,1.0,0.183333,5398,47738
15.9681,21.308,0.233333,0.547917,26663,43689
10.0752,4.45389,0.872917,0.422917,47247,2835
14.8845,0.140881,0.102083,0.552778,44437,16226
49.9851,9.85098,0.952083,0.263889,29576,28470
47.8314,10.2035,0.1125,0.40625,53543,46295
54.8051,7.11418,1.0,0.0888889,35777,47689
20.1292,4.447,0.2125,0.191667,45241,4075
60.6972,10.7138,1.0,0.327083,56481,11187
53.3276,16.3943,1.0,0.416667,27513,47128
44.0834,7.78478,0.525,0.683333,43596,29065
26.312,13.3099,0.788889,0.366667,32683,2380
28.2507,14.7051,1.0,0.194444,2196,5757
46.3828,3.43923,0.920833,0.191667,21087,40198
32.9722,1.6138,0.288889,0.914583,46678,21204
36.6914,9.03831,0.522917,0.604167,7603,46817
6.23178,2.68804,0.475,0.575,34026,26770
36.5497,16.8723,1.0,0.0861111,28804,40712
61.615,14.1987,0.15,0.502778,10071,22971
30.7505,3.97946,0.695833,0.189583,28404,47482
7.13575,0.635491,1.0,0.2,30305,40015
10.8045,14.566,1.0,0.725,38969,48274
18.3709,23.212,0.916667,0.191667,29780,4156
29.6263,8.21638,0.15,0.275,55497,4851
39.3191,3.55068,0.266667,0.127778,25710,9439
26.5325,6.98021,0.075,0.1,38137,47730
52.8879,12.1901,0.3,0.233333,30873,24420
3.81415,4.08322,0.545833,0.297222,17358,20671
54.3305,13.8064,1.0,0.39375,55631,9880
16.2117,27.8033,0.889583,0.2,51371,28815
43.8513,18.2595,0.114583,0.177083,23880,45205
25.6072,13.139,0.0354167,0.514583,35766,35544
50.0728,23.481,1.0,0.75,41790,23789
9.85948,5.13492,0.75625,0.514583,10713,42476
52.876,15.1574,0.361111,0.772917,38009,37827
73.1728,0.793947,0.210417,0.283333,20144,30640
31.5187,19.8486,0.180556,0.075,13104,7272
9.75932,5.98478,1.0,0.405556,52392,8919
37.2273,5.99835,1.0,0.369444,38016,26253
54.4737,3.88822,1.0,0.113889,20442,24738
63.5739,25.609,1.0,0.113889,13694,46892
41.9838,19.0887,1.0,0.333333,28785,31636
23.3309,27.9535,0.294444,0.125,18868,33061
22.0255,15.1106,0.29375,0.966667,46897,53703
60.4188,18.1618,1.0,0.416667,32849,43066
19.3271,3.1512,1.0,0.489583,7381,25239
61.5894,12.7558,1.0,0.133333,55720,15663
34.2751,18.7871,1.0,0.177778,28849,29340
41.0881,9.38711,1.0,0.33125,56258,26875
45.0186,19.0243,0.0472222,0.352778,17101,4635
49.3654,9.80442,0.316667,0.227778,20089,6760
34.5002,13.4257,0.461111,1.0,42094,40558
62.8389,8.93598,1.0,0.238889,48212,53381
24.7926,9.47464,0.338889,0.136111,1162,14709
43.9502,1.73502,0.0458333,0.104167,48628,21700
23.9425,18.2201,0.435417,0.163889,13757,43378
56.2791,13.1398,1.0,0.572222,47661,37284
52.6903,17.6018,0.122222,0.160417,4290,32123
43.2898,13.1969,0.29375,0.588889,5710,52891
34.5608,11.5962,1.0,0.302778,22356,16421
7.59128,5.52623,1.0,0.408333,54430,15577
9.88602,10.4678,0.391667,1.0,232,29660
50.9052,12.529,0.354167,0.484375,53427,51437
59.2475,8.92678,0.825,0.327778,358,31767
42.462,5.63464,1.0,0.116667,26852,39101
29.9668,13.987,0.347222,0.130556,10504,31556
58.9412,13.7715,1.0,0.970833,34798,1068
20.2527,1.6033,0.466667,0.483333,47585,30481
24.253,9.73545,0.272917,0.402083,52970,44160
23.2983,21.1121,1.0,0.7,3781,11616
49.2253,18.4895,0.270833,0.403125,29989,11935
21.4972,11.7302,0.108333,0.194444,50580,25778
54.8884,12.9717,0.713889,0.677778,12490,8756
27.9444,9.31329,0.220833,0.613889,47534,33246
14.9785,12.2661,0.44375,0.144444,41218,14884
50.2602,2.35266,0.654167,0.160417,57438,38621
15.7183,13.7764,0.120833,0.180556,55636,15959
24.6156,2.21475,0.233333,0.172917,39620,54099
53.7305,8.8357,0.691667,0.39375,14964,11313
20.6781,9.11826,1.0,0.191667,20309,26671
3.8846,8.58897,0.1875,0.405556,4013,41778
44.6621,9.26336,0.236111,0.829167,9421,25168
23.0459,10.2606,0.108333,0.239583,47803,1681
45.2095,11.468,0.0666667,0.383333,16993,25669
10.9529,15.2004,1.0,0.177778,51490,8329
12.3916,1.97026,1.0,0.469444,37859,24184
54.1626,8.98928,0.952778,0.9,7844,18990
36.2302,11.4231,0.220833,0.569444,1870,20934
24.5226,2.74411,0.20625,0.9,33493,21598
25.64,1.73165,1.0,0.355556,30207,7131
47.1868,14.7758,0.397917,0.416667,22474,2167
37.0703,19.636,0.229167,0.402778,43793,56439
15.4804,11.7332,0.85,0.186111,53802,12867
48.1225,6.69584,0.394444,0.170833,22838,23228
10.3549,11.5395,0.658333,0.535417,13094,45881
60.3323,10.3191,0.279167,0.247917,24182,3571
11.867,19.4436,0.541667,0.327778,12352,17547
49.9566,1.91119,0.1375,0.341667,11036,15079
9.46451,13.4523,1.0,0.313889,42868,13443
10.0806,12.5705,0.658333,0.288889,53900,52980
25.1476,2.48552,0.0583333,0.472917,28614,3643
4.07969,17.5954,1.0,0.319444,32492,16132
30.6275,12.8853,0.327083,0.108333,56920,6450
50.2458,6.87529,1.0,0.25,34309,2690
16.0081,21.2235,0.379167,0.35625,24117,15790
64.5294,12.56,0.611111,0.286111,6142,41959
50.177,17.87,0.166667,0.741667,24574,6620
18.4714,17.9224,0.11875,0.194444,16200,42217
41.9634,7.91395,0.341667,0.286111,31936,26921
70.6777,6.88034,1.0,0.202778,34214,2792
25.7293,16.776,1.0,0.58125,45317,49147
47.3177,22.2115,0.416667,1.0,46703,4638
25.5873,13.4024,0.8375,0.113889,24432,12108
23.962,3.94427,0.310417,0.897222,32680,48152
27.4257,19.256,0.827083,0.338889,38157,30445
4.56014,11.7641,0.416667,0.636111,37356,6880
33.0208,20.7056,1.0,0.528125,37314,9035
57.2645,17.1247,1.0,0.325,32647,56561
12.1248,8.2637,0.433333,0.2375,9016,10250
32.0929,13.454,1.0,0.330556,47039,15622
9.59947,12.0053,1.0,0.113889,4479,41755
8.59532,3.76783,0.802778,0.46875,28122,26006
59.0753,10.2759,0.63125,0.425,1718,9837
9.21847,7.28476,1.0,0.219444,53459,15320
17.7844,7.80531,0.227083,0.445833,22002,19520
32.2741,7.71987,0.0583333,1.0,48947,15912
23.2122,17.8196,1.0,0.125,13026,17822
45.6731,3.15062,1.0,0.516667,7842,3728
44.6445,15.7314,0.0541667,0.53125,26384,28214
28.7913,10.2284,0.502083,0.266667,41657,25633
74.8845,5.62058,1.0,0.169444,34970,27326
31.5721,9.79903,0.0854167,0.515625,25240,32369
28.1354,10.3739,1.0,0.0694444,43507,13946
31.9386,15.0875,0.480556,0.3625,12548,16137
13.6543,13.7464,1.0,0.261111,47423,778
70.3574,9.68613,1.0,0.341667,5967,19035
11.115,8.50224,1.0,0.0777778,346,52455
28.0821,8.06761,1.0,0.538889,30150,12865
37.2875,13.7836,0.566667,0.0861111,26003,24114
15.4704,4.5091,0.625,0.94375,47389,25997
29.5115,12.9367,1.0,0.49375,45850,6862
47.2704,6.90515,0.822917,0.55,34300,3509
15.6973,8.29048,1.0,0.561111,20874,341
46.505,20.1309,0.104167,0.216667,42576,13773
39.5758,15.4248,1.0,0.108333,40861,29735
20.6262,8.57106,0.5625,0.1375,13632,26561
23.6365,15.7326,0.175,0.508333,10020,12032
32.0356,3.838,0.16875,0.775,55493,55996
33.9255,8.62383,1.0,0.530556,22712,7633
9.23236,20.4064,0.0520833,0.1125,38843,17238
22.8091,0.748496,0.886111,0.536111,9330,43817
68.514,5.05098,0.444444,0.225,44634,44544
65.286,16.1026,0.658333,1.0,6967,19708
16.4455,11.6412,0.272917,0.65,3008,37261
21.7455,13.3408,0.18125,0.35,22175,9173
23.9245,19.1583,0.747917,0.208333,47568,41496
11.652,12.9478,0.119444,0.736111,27343,53343
60.3103,3.57507,1.0,0.233333,47691,51098
42.0504,17.352,0.319444,0.211111,36098,7718
24.5332,9.34084,0.983333,0.138889,18330,5475
60.3935,9.36842,0.90625,0.294444,26816,844
52.3505,4.61782,0.65625,0.96875,54797,44285
41.312,19.8719,0.166667,0.2875,57530,11001
47.8222,6.46038,0.991667,0.222917,40321,38342
7.23035,9.33138,0.185417,0.56875,19150,25024
31.3603,10.505,0.41875,0.408333,34510,22416
1.824,9.98675,0.408333,0.220833,29524,15006
57.4329,22.1741,0.197917,0.3,11479,24083
47.2313,13.2294,0.39375,0.325,46432,14916
63.2466,19.0655,0.147917,0.422917,55916,56536
54.0078,14.1946,0.297917,0.972222,5100,55578
17.5889,15.079,0.30625,0.266667,6452,21088
22.515,7.06383,1.0,0.283333,29328,48446
32.09,2.92707,1.0,0.489583,31041,26488
29.0606,7.64821,0.2875,0.455556,43498,33956
67.1659,10.0964,0.894444,0.155556,29126,28799
8.71739,13.914,1.0,0.252083,57379,19407
33.4472,5.86232,0.260417,0.444444,56035,24065
9.23972,0.434881,0.2625,0.3375,31875,3220
46.915,12.7466,0.814583,0.211111,311,3536
14.1907,11.6142,0.230556,0.977778,13560,30165
38.8537,3.07463,0.6375,0.405556,21779,18894
20.4275,16.4781,1.0,0.591667,11535,38139
12.2849,13.6269,0.104167,0.233333,41348,31815
51.2226,2.81624,0.433333,0.315625,42826,10734
28.8043,8.1341,1.0,0.15,484,11934
47.6925,7.40799,0.679167,0.175,37953,11098
34.0577,6.75621,0.0958333,0.102778,51101,32384
21.2605,0.307141,0.229167,0.271875,57113,47509
28.0452,4.45878,0.429167,0.6,5102,19675
15.0326,13.2613,1.0,0.0833333,26688,2676
41.665,15.4941,0.904167,0.479167,8486,3409
28.9196,11.7616,1.0,0.0729167,25723,56254
31.5422,12.6624,0.09375,0.330556,7977,39022
27.8704,11.4502,1.0,0.208333,20207,27572
5.57521,17.2341,0.18125,0.491667,11187,49245
39.8668,11.5574,0.389583,1.0,28367,45580
67.1173,0.564018,1.0,0.258333,16010,48439
25.4743,10.1428,0.572917,0.525,28877,41474
26.7213,9.91403,0.133333,0.9625,19443,10933
21.9181,10.0922,0.983333,0.433333,2510,7300
43.5734,11.753,0.563889,0.141667,54503,28746
53.648,9.09078,0.659375,0.113889,10787,46125
61.8434,9.68487,1.0,0.213889,5921,38543
14.6319,13.2966,0.1625,0.14375,57041,4275
18.9164,7.57186,1.0,0.122222,47252,56474
60.6606,18.9848,1.0,0.347222,15603,6903
22.7993,1.3961,0.104167,0.127778,6442,9544
15.2211,2.12612,0.483333,0.96875,39350,19982
31.2014,4.95207,0.127083,0.541667,20393,44684
29.4579,14.6716,0.227083,0.219444,11095,4232
32.6976,16.6714,0.0395833,0.472222,6158,47526
30.4747,5.43599,0.26875,0.483333,2569,56634
32.2041,18.1342,0.35,0.352083,44433,56183
19.5406,3.68691,0.580556,0.122222,20325,50789
23.1672,15.924,0.997917,0.389583,15592,15586
4.98158,15.5217,0.2125,0.338889,35473,9780
20.8618,4.8543,0.2625,0.519444,54473,38017
37.7414,12.7979,0.325,0.2125,24605,53805
58.6471,11.2358,0.18125,0.555556,44001,37372
52.1423,16.0665,0.536111,0.227083,18104,40315
9.43458,12.1478,0.216667,0.577778,40517,57529
32.4135,2.11372,0.916667,0.289583,30369,47843
38.8714,6.49367,0.125,0.4625,35956,45564
48.7116,5.603,0.388889,0.225,26855,39897
8.34238,13.3021,0.1375,1.0,25173,29725
40.3728,15.686,1.0,0.602778,9893,18230
68.1299,17.7613,0.630556,0.694444,37460,52152
51.2347,10.4296,0.05,0.111111,7479,2463
27.7325,7.98923,0.252778,0.305556,2359,30595
5.70606,6.60003,1.0,0.1,40400,53892
25.4063,8.92197,0.716667,0.313889,344,7059
24.9202,2.28059,0.808333,0.530556,9966,1027
40.9846,5.24133,0.227083,0.377778,43948,42844
46.8037,13.3545,0.0875,0.35625,54308,43190
14.9358,2.08956,0.555556,0.516667,16974,35214
32.8645,15.3836,0.775,0.583333,50979,19061
42.204,6.2523,0.585417,0.141667,54988,50528
56.8761,4.01439,0.24375,0.355556,37473,56367
40.2718,8.87993,0.980556,0.383333,45069,53221
36.1336,9.76931,0.602083,0.135417,7955,30251
63.377,0.854948,0.202083,0.402083,54647,870
25.9127,2.27542,0.702778,0.0777778,19475,3641
52.2858,5.73248,1.0,0.504167,21022,2369
58.7322,7.0314,1.0,0.211111,46098,38811
27.5836,1.76215,1.0,0.227778,22739,8226
72.6672,13.5763,0.0729167,0.225,45530,43577
15.1791,13.0077,0.627778,0.295833,11414,9841
18.8655,2.66482,0.352083,0.847222,25962,32810
23.4853,14.0745,0.854167,0.472222,17865,12912
16.3276,15.995,0.9125,0.402778,24459,25954
37.5629,17.1712,0.283333,1.0,41647,1093
29.1436,15.3535,0.08125,0.583333,13961,18761
13.1357,19.4526,1.0,0.159375,7110,46346
55.0783,6.20413,1.0,0.0833333,3075,39805
27.5011,9.13304,0.129167,0.144444,45007,34747
67.7301,10.7729,1.0,0.158333,15223,29130
32.5379,10.0031,1.0,0.916667,354,41004
58.8836,8.86135,0.236111,0.375,35387,30158
23.9005,6.28851,0.452083,0.563889,50025,12587
38.231,18.0801,0.358333,0.0388889,31538,14372
44.6149,14.2185,0.354167,1.0,29895,20159
6.3492,10.8809,1.0,0.252778,4817,22908
47.0979,5.34067,1.0,0.2,49968,40860
46.0445,12.551,0.296875,0.30625,2549,10411
15.2503,10.3196,0.360417,0.227778,27964,22078
19.2008,17.3114,1.0,0.264583,21649,17262
38.0301,13.9231,0.29375,0.455556,23675,57577
38.746,0.51239,0.341667,0.194444,54822,8447
15.6539,15.3818,0.63125,0.56875,3501,22240
44.3113,10.7734,0.6375,0.310417,47557,45680
54.4108,15.0222,0.11875,0.758333,21466,32593
50.0142,4.76642,0.922222,0.15625,12132,55811
37.2462,7.47237,0.316667,0.294444,26043,51873
8.78946,3.60956,0.164583,0.4,36696,7489
27.0182,11.3627,0.227778,0.296875,6815,48482
15.16,13.4999,0.569444,0.275,17845,10825
11.0272,5.80298,0.229167,0.111111,51132,11579
23.8738,9.19235,0.6875,0.488889,29324,3231
65.1646,0.458402,0.416667,0.319444,20400,47771
14.1679,8.77453,1.0,0.330556,39428,48975
52.2058,10.6171,0.979167,0.330556,5838,20960
2.90204,18.6655,0.670833,0.1875,4563,29904
44.3729,11.9342,1.0,0.286111,8971,14857
15.2663,18.6052,1.0,0.702778,52946,43538
37.1023,9.62088,0.566667,0.288889,44765,43552
24.0304,6.91768,0.160417,0.619444,20143,57095
47.9742,3.2992,0.136111,0.111111,41097,51274
21.6469,14.8227,0.835417,0.230556,30000,48618
21.4668,7.59643,0.191667,0.330556,28412,51991
60.0426,2.1044,0.658333,0.255556,24446,56868
36.0677,8.35004,0.275,0.116667,16642,22787
25.3183,11.8292,0.466667,0.51875,30321,868
62.1933,7.65329,0.247917,0.283333,54486,33658
5.53451,1.15252,1.0,0.425,13161,17812
37.4416,5.92,1.0,0.9375,82,33324
54.744,5.84206,0.247917,0.502083,7746,8169
47.7949,5.82365,1.0,0.670833,44750,1459
18.1716,10.2626,1.0,0.122222,40443,41806
12.484,2.87699,1.0,0.361111,11140,9177
36.3832,16.6886,1.0,0.4,18204,54055
18.0768,11.1502,0.0958333,0.388889,4226,34000
45.018,17.1714,0.133333,0.679167,33007,35946
22.8277,17.6018,0.04375,0.827778,28818,42142
41.6985,6.6952,1.0,0.458333,5031,16975
58.1483,4.94718,0.511111,0.153125,23323,45070
32.6823,18.0994,0.225,0.210417,32382,55244
6.43208,14.4595,0.516667,0.111111,13503,16174
10.7817,12.2121,0.470833,0.33125,41132,44461
63.7159,4.80963,0.804167,0.0875,31636,46589
58.172,13.1123,0.875,1.0,18209,55558
29.6681,14.036,1.0,0.216667,28554,53289
44.9006,3.13862,0.305556,0.1,53373,16873
22.8317,13.1493,0.844444,0.483333,50326,12574
41.6022,13.5905,0.236111,0.325,7402,19332
21.2168,4.1997,0.286111,0.40625,43894,22273
55.6759,12.6468,0.122917,0.488889,3349,25777
79.0385,10.8062,0.4625,1.0,23660,29778
72.2594,1.36205,0.0833333,0.85,47035,50047
58.0223,10.9505,1.0,0.772222,23216,36184
34.3225,13.7836,0.61875,0.883333,12795,24471
13.5261,5.16465,0.725,0.889583,30178,4583
7.47592,13.9475,0.864583,0.236111,5626,17085
35.185,10.9676,0.166667,0.0916667,18118,25938
20.9741,16.3376,1.0,0.490625,38491,30819
15.9369,17.5292,0.975,0.0805556,21774,20795
36.7115,20.3486,0.591667,0.175,7879,56661
14.6352,7.67597,0.0833333,0.669444,48691,56416
17.5849,6.89526,1.0,0.211111,939,21501
37.7129,15.2794,0.391667,0.761111,26160,45088
25.1074,6.81215,0.129167,0.975,10752,17537
56.4759,10.5564,0.0666667,0.122917,51814,17643
32.3612,22.9817,0.508333,0.611111,9585,53016
23.7417,10.1189,1.0,0.253125,20558,30633
65.2455,21.2366,0.179167,0.0666667,29647,56055
30.8367,14.8259,0.258333,0.475,22943,33422
14.3454,12.7536,0.430556,0.891667,53236,44486
58.5299,18.4048,1.0,0.169444,37677,50371
7.08881,12.3855,0.747917,0.208333,54731,54451
19.57,17.265,1.0,0.180556,52513,7134
40.5174,9.24618,1.0,0.597222,40788,46676
23.2734,6.94178,0.525,0.280556,48766,55898
19.8268,25.8923,1.0,0.569444,4358,41994
52.0262,19.5533,0.220833,0.680556,44636,24525
16.207,15.4327,0.0979167,0.608333,50434,19990
55.0754,3.42191,0.610417,0.491667,9702,50693
45.145,11.6998,0.91875,0.613889,663,51953
31.4797,4.13682,0.879167,0.189583,56807,11204
19.649,16.0068,1.0,0.0944444,51292,11992
11.9558,15.8343,0.291667,0.4,11202,47578
64.4352,7.94307,1.0,1.0,31887,47253
3.18141,4.57744,0.225,0.26875,55983,48077
55.2699,10.6496,0.275,0.390625,38845,19141
17.4339,8.64158,1.0,0.552083,37560,1326
82.0588,0.215347,0.55625,0.119444,5011,21136
47.3145,5.8196,1.0,0.108333,9019,22588
55.4631,27.1715,0.813889,0.45,35501,44456
9.65762,1.3552,0.135417,0.591667,28207,27511
45.4287,24.1665,0.35,0.0895833,13606,50940
10.2377,17.8747,1.0,0.133333,9254,32141
0.452976,20.8537,0.18125,0.075,30416,47064
33.8347,25.094,0.266667,0.108333,6485,35492
42.5266,12.4514,0.552083,0.0875,4183,36557
63.6223,4.13603,1.0,0.316667,49220,20639
38.3119,10.0189,0.210417,0.410417,56947,8842
54.4166,10.7977,0.191667,0.09375,9908,35499
52.826,12.111,1.0,0.741667,3935,1745
38.9535,19.999,0.405556,0.277083,17072,49153
14.4205,14.4702,0.285417,0.288889,21282,3616
42.8019,9.85472,0.147222,0.280556,45999,44942
73.9364,15.0612,0.802083,0.119444,17647,38662
5.55888,3.04608,0.4125,0.603125,29748,42914
14.7476,13.4943,1.0,0.185417,19769,50477
53.1497,2.96435,0.94375,0.458333,48333,12873
42.6222,16.3928,1.0,0.189583,2999,39169
10.819,9.78692,1.0,0.127778,22837,54234
40.2866,3.61897,0.672917,0.163889,44383,25293
11.536,8.12104,0.11875,0.527778,24762,38582
17.4243,3.60922,0.6125,0.897222,53892,51256
39.2297,2.4601,1.0,0.416667,19047,37494
31.9668,8.14319,0.170833,0.619444,19760,35166
57.2237,9.91428,0.372222,0.327778,27016,52792
15.8896,12.7875,0.630556,0.138889,45755,23174
38.8439,2.90538,0.89375,0.333333,33693,12611
55.5703,1.66539,0.394444,0.0888889,34005,5984
21.458,8.18785,1.0,0.0645833,21381,56513
22.914,5.64693,0.216667,0.0888889,35380,11491
60.6199,12.4831,0.41875,1.0,2937,28078
15.5231,14.4743,1.0,0.625,28217,4582
64.3149,10.9079,0.28125,0.991667,43713,12687
40.2952,14.436,0.127083,0.922917,21311,43214
42.9931,9.35727,1.0,0.208333,10403,7840
62.7799,11.468,0.84375,0.352778,14615,57223
15.6254,5.61535,0.43125,0.333333,25744,13046
27.0479,7.24971,0.714583,0.516667,35298,48917
17.8729,14.1514,0.358333,0.3875,27870,53014
52.0924,2.40872,0.783333,0.0645833,29078,18887
32.6991,2.85905,0.108333,0.929167,36934,13920
39.4095,17.1072,1.0,0.330556,47496,29047
74.0019,2.13946,1.0,0.369444,49767,34624
35.2977,9.77139,0.310417,0.0916667,33731,26054
66.7437,15.5988,0.559375,0.45,21747,20483
11.3662,1.56421,1.0,0.188889,49586,31045
52.3268,13.1962,0.189583,0.247222,48008,48781
11.7148,2.95215,0.05625,0.583333,9487,30437
7.6255,17.0578,1.0,0.280556,16258,30295
57.142,12.5585,0.670833,0.161111,29673,34618
29.2012,10.2127,0.20625,0.308333,7362,57213
32.1855,20.9561,0.71875,0.547222,10203,55520
74.513,15.4562,0.447917,0.230556,17485,40326
12.8474,18.6706,0.1625,0.24375,17843,18084
41.877,14.3752,1.0,0.569444,25578,25419
79.2478,12.4912,1.0,0.302778,27171,40815
8.64377,10.373,0.994444,0.35,19203,39340
32.2273,9.49539,0.8,0.25,14864,34023
49.8784,7.89176,1.0,0.805556,37374,12174
74.5571,11.7273,0.177083,0.741667,29366,53553
28.4112,4.24288,0.933333,0.725,48980,37547
43.5418,11.3807,1.0,0.213889,34281,29044
51.882,18.9715,1.0,0.3,57309,38637
5.32088,4.91621,0.188889,0.302778,29236,2161
25.1478,6.52156,0.0458333,0.164583,10182,7769
24.5246,16.1519,0.152083,0.60625,54653,20055
19.1081,15.0414,0.485417,0.385417,41814,55629
29.3108,8.96887,0.139583,0.394444,22912,56558
50.2869,2.39268,0.539583,0.1875,43964,46714
80.5416,10.4868,1.0,0.68125,14366,37911
17.8315,3.00815,0.320833,0.116667,54309,3646
15.0594,6.51585,1.0,0.383333,47668,18070
52.6451,18.0619,1.0,0.960417,270,33912
39.1279,8.89765,1.0,0.0638889,32777,29869
64.3796,11.5666,0.0416667,0.289583,24183,35220
45.5633,20.7536,0.120833,0.36875,17670,45178
42.8473,7.46093,1.0,0.36875,29294,45427
23.3317,13.2835,0.6375,0.125,55086,5590
34.2424,5.8288,0.111111,0.179167,42007,38055
24.8151,10.9201,1.0,0.558333,41492,3486
10.1235,5.38079,1.0,0.652778,41662,34741
23.0306,12.7617,0.135417,0.24375,12897,55583
15.9877,7.13499,0.18125,0.0916667,38483,32618
75.0473,2.68839,1.0,0.358333,56161,21388
24.9126,9.04554,0.0916667,0.454167,37568,47875
20.2042,7.07388,0.580556,0.447222,22882,48688
11.87,5.0446,1.0,0.241667,2547,24266
35.422,11.8939,0.347917,0.627778,14199,39927
16.6756,2.30155,0.1875,0.533333,9617,12324
22.9436,15.1244,0.797917,0.219444,23980,47565
33.7919,8.64792,0.39375,0.152778,13355,27282
32.271,9.30146,1.0,0.104167,18648,13707
34.7999,10.1742,0.69375,0.44375,42293,41041
58.451,3.63464,0.0555556,0.369444,46817,22321
65.51,13.4608,1.0,0.113889,23637,3253
28.7166,13.5079,0.105556,0.154167,4792,47363
10.1164,1.2091,1.0,0.638889,15979,34206
58.3958,13.1518,0.341667,0.338889,19989,34151
23.29,14.716,0.397917,0.364583,18438,39786
73.3253,14.1209,0.2875,0.45,25364,33089
12.9516,19.2508,0.128125,0.0916667,44173,35480
41.4934,8.0943,1.0,0.127083,43520,5438
19.2963,20.7581,1.0,0.486111,23315,28346
36.9472,15.6037,1.0,0.25,42860,4565
59.8946,11.6161,1.0,0.158333,3593,6277
37.1344,16.7711,0.308333,0.369444,9428,16574
38.329,16.7434,0.444444,0.238889,46285,20409
21.4121,3.35961,1.0,0.141667,41395,54199
16.7955,6.90753,0.1,0.275,46851,19013
59.2935,5.54492,0.230556,0.702778,31454,38613
44.0737,15.8394,0.319444,0.155556,29918,46985
74.0159,10.7162,0.31875,0.427778,45002,27057
67.6326,15.1913,0.545833,0.480556,51266,18248
39.7162,2.80486,0.61875,0.308333,28014,40211
40.5696,3.60166,0.394444,0.308333,37110,49102
9.8418,1.18795,0.764583,0.40625,24629,3
32.3896,1.02458,0.125,0.158333,21556,13708
15.7748,5.01486,0.664583,0.158333,17789,43211
65.358,3.57807,0.233333,0.136111,45629,14715
37.7978,13.8693,0.241667,0.363889,35853,24291
37.9196,13.8513,1.0,0.172222,57473,12251
3.50244,10.5135,0.0458333,0.48125,20968,51111
50.4226,20.8675,0.688889,0.119444,49009,43549
32.3314,13.4109,1.0,0.65,18382,32893
52.4238,3.03387,0.320833,0.779167,55759,18878
17.0119,22.1066,0.319444,0.411111,43380,40759
63.9682,23.9168,1.0,0.35625,26451,43901
30.1493,6.08054,0.977083,0.246875,6512,1744
25.0657,2.75985,1.0,0.130556,3578,39094
23.1269,3.28254,1.0,0.396875,11714,10476
16.2837,5.33238,0.183333,0.111111,4075,35426
32.5588,14.908,1.0,0.288889,21159,34780
62.0591,12.6038,0.464583,0.672222,2414,2310
60.9904,12.915,0.389583,0.0861111,44579,46279
12.6589,12.8574,1.0,0.515625,14603,53155
29.4865,13.875,0.254167,1.0,44657,23080
7.65418,16.9776,0.995833,0.471875,12514,25082
39.942,12.8829,0.866667,0.495833,27896,28155
39.2921,24.7974,1.0,0.316667,39038,8396
4.57522,13.9107,1.0,0.266667,22854,53107
43.0882,4.43856,0.19375,0.172222,5780,25500
64.0085,2.54722,0.1,0.394444,13764,15392
22.4805,5.17497,1.0,1.0,56577,8620
52.82,0.875307,0.447222,0.325,21981,32180
81.5618,5.06552,0.166667,0.220833,33621,385
50.3185,2.17579,0.391667,0.05,21304,54587
35.695,11.1005,0.427778,0.783333,4714,42845
26.7406,9.34267,0.316667,0.378125,37044,54799
19.9656,1.39993,0.1125,0.275,36924,54074
18.2978,17.7693,0.133333,0.244444,27223,220
22.0894,12.2772,1.0,0.119444,32603,16901
65.514,18.0567,0.375,0.429167,49989,46388
42.1739,11.8788,1.0,0.297222,36281,12308
15.8977,1.79364,0.05,0.203125,9546,47989
29.5442,9.06272,1.0,0.172222,2957,40862
48.2956,16.5211,0.1125,0.125,19913,27159
33.0327,5.59522,1.0,0.669444,47321,43086
52.3766,8.01253,0.169444,0.497222,46707,41692
72.7879,7.40328,0.0625,0.297222,1607,25763
60.1129,16.7095,0.208333,0.447222,40118,43610
37.8206,7.70915,0.463889,0.733333,41794,6387
10.3382,15.1009,0.260417,0.705556,36488,1940
38.7447,12.0818,0.33125,0.141667,33940,31778
45.735,6.86762,0.566667,0.8,56357,4561
19.6357,1.50338,0.158333,0.709375,55896,8256
54.4052,7.2429,0.0708333,0.202778,5715,12268
44.1991,1.96887,0.666667,0.208333,9085,6801
31.9243,17.3088,0.283333,0.31875,19461,23462
35.5098,3.90922,1.0,0.327778,14023,28658
38.9434,6.32508,0.658333,0.555556,51840,39750
22.5225,9.27417,1.0,0.622222,50404,17338
16.9957,16.9364,0.2,0.354167,52601,8194
43.3939,16.552,1.0,0.472917,44852,41384
8.93888,0.679927,0.816667,0.169444,35868,52684
56.416,16.5008,1.0,0.228125,39208,55019
43.1924,9.86496,0.508333,0.661111,44017,9413
10.0958,6.6937,1.0,0.383333,24104,40228
29.612,18.7678,1.0,0.455556,9477,26442
15.2504,13.4386,0.0916667,0.0666667,9185,14234
0.718216,10.9931,1.0,0.141667,47150,10009
8.78333,3.92118,0.0611111,0.640625,39110,45771
50.0611,13.5204,0.20625,0.188889,30838,24545
58.4743,2.0426,0.40625,0.575,42337,26431
19.2115,7.52771,0.8,0.230556,16130,19782
63.8938,7.62033,0.2,0.210417,2401,53244
25.6778,4.12381,0.104167,0.405556,29994,6523
41.289,3.83488,1.0,0.461111,34847,2363
19.2949,17.1386,0.283333,0.335417,6510,45610
12.2765,14.2964,0.166667,0.911111,53547,38418
19.0949,9.99452,0.285417,0.36875,23256,9524
19.7745,7.88607,1.0,0.488889,19127,30049
48.9848,19.7602,0.125,0.733333,7390,34965
40.9272,5.11205,0.19375,0.611111,43901,39831
46.11,17.9457,0.24375,0.472222,53925,36046
7.25549,9.38822,0.845833,0.330556,53183,52198
32.7443,3.36219,0.8,0.225,3602,35427
21.9444,6.11769,0.722222,0.541667,15802,22743
19.1723,5.96392,0.0791667,0.113889,12361,15637
32.4942,12.5019,0.58125,0.383333,7441,34322
12.963,6.94843,0.102778,0.1,3096,42405
26.8604,4.75764,0.4125,0.13125,46332,52808
27.4684,0.815529,0.447222,0.272222,43965,11015
48.9533,3.0333,0.0916667,0.553125,20507,36021
36.152,3.53521,1.0,0.725,52016,12274
29.9234,7.72353,1.0,0.391667,15497,19695
11.4117,2.92253,0.320833,0.291667,10610,7865
7.43756,7.94777,0.247917,0.55,32118,5306
58.7251,6.42498,0.49375,0.15,31261,8847
65.3071,17.4778,1.0,0.205556,24241,39195
18.9789,12.2787,1.0,0.344444,41320,36142
38.4382,8.47523,0.383333,0.309375,42864,29216
28.3773,11.2773,0.741667,0.620833,25595,39902
14.3646,4.54554,0.0583333,0.229167,45887,5409
5.30577,21.4404,0.06875,0.5875,24463,52896
53.0299,7.76723,0.214583,0.883333,53667,34185
23.9171,15.5083,0.1,0.341667,22131,48562
74.4782,13.8998,1.0,0.0875,9265,49798
19.2592,22.0583,0.972917,0.230556,1334,32327
13.6932,3.82367,0.122917,0.0861111,46992,51273
16.0564,8.97704,0.14375,0.122222,55662,45867
31.0651,16.9328,0.1375,0.416667,53625,22099
40.9443,11.3246,0.83125,0.458333,19069,31891
17.3819,2.51124,0.144444,0.297222,56293,50296
13.8519,15.0301,0.639583,0.147917,45531,5961
20.7904,4.51523,1.0,0.277778,49830,55252
40.0266,10.5134,0.488889,0.0875,42334,15726
52.064,10.8113,0.645833,0.527778,14280,24877
27.8266,10.8124,1.0,0.175,52537,34900
32.7356,12.8263,1.0,0.236111,20989,19098
53.554,13.068,0.779167,0.311111,446,11551
23.8831,5.21511,0.05625,0.447222,46547,50131
28.5188,20.9785,0.11875,0.125,8157,54301
19.3907,8.87785,0.352083,0.363889,34282,30230
41.8675,17.5787,0.141667,0.544444,50579,35380
15.6521,14.4847,0.51875,1.0,48843,31538
25.5724,15.1715,0.15625,0.344444,7770,40663
27.0614,17.0031,0.05,1.0,12679,40383
56.8165,16.451,1.0,0.141667,13658,7780
50.9497,15.028,1.0,0.403125,28170,7869
30.456,5.12217,0.233333,0.225,17733,6885
29.9449,3.0906,0.152083,0.214583,50181,53271
17.8537,18.8357,1.0,0.459375,2674,11447
61.5407,11.8213,1.0,0.891667,44782,20142
14.5055,7.81397,0.494444,0.152778,20037,28342
17.3848,6.93889,0.447917,0.433333,40280,26403
8.37589,17.7628,1.0,0.838889,55615,47348
12.1823,7.10618,0.336111,0.594444,7730,53473
37.9554,8.31395,0.127083,0.416667,42207,37976
13.3027,17.7651,0.147917,0.40625,15869,3479
10.7303,13.3167,0.15625,0.220833,4046,46736
7.8702,9.38764,1.0,0.075,46679,4988
12.112,8.26871,0.729167,0.353125,43667,45575
20.4013,15.0399,0.197917,0.277778,32130,53317
19.3316,6.05267,1.0,0.330556,35798,52388
59.3419,11.7641,1.0,0.533333,36890,18882
7.69142,12.8361,0.160417,0.185417,650,35258
25.3212,12.0801,1.0,0.958333,46460,27211
21.0002,15.9926,1.0,0.50625,35334,56941
8.69977,2.64973,0.0354167,0.16875,54814,50299
15.8825,18.6854,0.0958333,0.0555556,56283,12696
13.9792,14.564,0.23125,0.334375,37970,29248
55.007,19.5281,0.195833,0.285417,46818,53801
49.7398,17.3863,0.247222,0.309375,52396,6194
54.7875,11.7278,1.0,0.596875,14525,9932
15.774,15.8696,0.172917,0.705556,46917,34116
57.513,5.24359,0.120833,0.127778,34569,29697
55.6136,4.70373,0.99375,0.0916667,7913,54686
44.0528,3.88669,0.627083,0.147222,5714,20910
17.9351,4.66901,0.335417,0.105556,46475,11236
17.1746,17.5283,0.388889,0.197917,23866,33428
4.2856,7.22722,0.677778,0.215625,44186,37233
14.679,4.28663,0.35,0.186111,8468,16546
21.3597,16.8242,1.0,0.16875,10575,20957
10.2853,16.3162,0.3,0.194444,9260,56295
37.5593,2.90187,1.0,0.272222,20803,52358
25.2857,3.77891,0.610417,1.0,43641,45982
32.8946,9.72592,0.247222,0.166667,17050,30225
19.5842,10.6242,0.997917,0.0458333,8539,18074
51.7789,10.5316,1.0,0.241667,6431,20876
45.2467,9.34425,0.191667,0.775,5638,35679
9.80681,6.7073,1.0,0.205556,54060,3315
44.1572,4.73119,1.0,0.116667,31602,13479
27.3161,7.13202,0.261111,0.847222,2909,16368
47.0943,10.3783,0.4375,0.314583,37652,31789
15.8903,18.461,0.461111,0.413889,28812,37234
13.2164,8.25543,1.0,0.125,26667,4874
49.8446,2.12201,1.0,0.205556,31576,569
36.0495,15.3041,0.10625,0.383333,38913,44014
61.4414,18.6726,0.188889,1.0,34711,34460
66.1712,12.9966,0.452083,0.269444,47258,29313
45.6392,9.67553,1.0,0.166667,16355,29959
44.2321,4.84651,1.0,0.258333,36114,16363
10.9217,16.5533,1.0,0.458333,15544,25756
25.4137,23.9087,1.0,0.741667,56617,21773
33.6808,1.36414,0.0833333,0.269444,45911,30485
18.5093,1.3765,0.733333,0.55,1983,8876
35.0682,4.73552,0.716667,0.0972222,38640,18966
15.7446,14.3118,0.297222,0.0722222,14695,28166
30.6719,7.33998,0.075,0.402778,9406,36367
50.5294,10.2849,0.389583,0.558333,6489,57421
46.1089,1.8046,0.0875,0.104167,52641,50645
13.1357,4.37199,0.755556,0.0916667,15407,28800
67.6347,11.464,0.377083,0.383333,6086,2857
20.1245,11.2256,1.0,0.244444,21551,11817
32.9624,7.82521,0.536111,0.8125,30290,8561
18.9826,14.6488,1.0,0.2375,24244,45946
9.13873,5.67148,0.0694444,0.46875,20512,30478
26.6281,13.332,1.0,0.60625,39029,45870
34.2592,11.3771,0.208333,0.672222,41974,44179
30.5721,1.56115,0.285417,0.06875,10569,30161
24.9754,10.5692,0.19375,0.622917,36877,17545
67.5771,16.5757,1.0,0.15625,16870,28244
45.9697,12.1484,1.0,0.890625,13948,42762
52.1472,0.862213,1.0,0.172917,38934,29890
2.90574,12.7327,0.4375,1.0,4803,45659
8.16216,12.4655,0.375,0.0666667,787,32116
4.00152,6.85019,0.06875,0.35,19078,18405
27.9518,13.9344,0.308333,0.177083,51993,29364
28.6206,13.7168,0.545833,0.638889,30131,14137
25.435,10.5643,0.314583,0.172222,42885,38191
37.8038,8.74392,0.302778,0.260417,16157,8841
34.4986,15.9627,0.286111,0.565625,55227,28549
60.2494,3.36849,1.0,0.591667,54261,45607
40.1351,10.4802,0.436111,0.2,14697,43617
47.9043,18.6018,0.320833,0.0861111,28888,39218
41.8442,13.1986,0.40625,0.310417,25473,13100
25.8621,7.54288,0.16875,0.102778,7537,30128
31.4903,19.962,0.361111,0.116667,6619,34933
8.55802,15.7539,0.139583,0.113889,32245,1962
54.0901,8.35982,0.380556,0.152778,48382,35845
71.3502,12.1351,0.135417,0.227778,20449,31447
26.884,5.57153,0.05,0.904167,52042,26097
24.8647,5.52156,0.491667,0.111111,48255,23820
18.6612,9.22462,1.0,0.116667,19930,31166
22.0311,17.8066,1.0,0.333333,6111,3976
15.7783,7.73645,0.325,0.0916667,39138,28605
30.7601,9.73995,0.154167,0.494444,25816,15701
63.1551,15.0312,0.0979167,0.269444,26843,28140
13.5528,9.06648,0.0694444,0.461111,56494,3756
63.2561,4.12687,0.65625,0.154167,35718,9354
51.6618,3.03962,0.0791667,0.847222,40208,24657
47.6281,16.9768,1.0,0.597222,40412,40264
60.5886,12.5276,1.0,0.4125,36074,36130
33.1675,14.6586,0.466667,0.347222,19058,47939
43.8773,14.7977,0.06875,0.625,38768,9296
16.3081,21.0736,0.3875,0.3,11759,22251
55.9258,10.5274,0.177083,0.197222,52415,15720
16.4535,8.09179,0.435417,1.0,47729,6423
59.8597,11.2111,0.263889,0.108333,33261,16153
58.4149,8.3658,1.0,0.680556,578,51109
40.9368,9.3833,0.972917,0.280556,23397,56291
52.0865,1.14535,0.1875,0.0395833,54386,39209
18.9042,18.8619,1.0,0.497222,18513,19152
23.5816,12.7649,0.197917,0.416667,28140,8393
69.044,7.5754,0.527083,0.413889,10660,25734
22.77,11.9098,0.475,0.402778,29973,553
35.2648,16.5113,1.0,0.322222,13653,6226
7.69452,11.4852,1.0,0.555556,23591,46025
46.1152,5.73691,0.445833,0.138889,15781,30507
52.1465,9.42962,1.0,0.591667,49030,20447
9.24575,12.4269,0.597917,0.120833,32936,15483
28.7563,0.0262924,0.766667,0.730556,54965,2122
34.3468,7.23821,0.852083,0.1375,23857,27732
42.9167,6.48552,0.0694444,0.410417,17093,24387
24.3655,5.79257,0.336111,0.247917,16813,1902
29.1508,10.8701,0.391667,0.402083,52263,38119
14.7291,18.9408,0.427778,0.144444,23002,2028
35.2615,12.4031,0.14375,0.197917,48416,44738
58.611,11.16,0.0520833,1.0,10140,22804
23.3262,8.10946,0.416667,0.252778,12865,21952
35.2493,17.3146,1.0,0.25,21498,30035
48.2905,4.93031,0.0395833,0.280556,44565,20320
17.6625,18.4251,1.0,0.9,20864,172
30.6777,10.5191,0.311111,0.186111,52852,39940
24.8981,4.8471,0.941667,0.222222,29536,55576
29.2381,5.85595,0.14375,0.830556,13040,19196
12.0422,5.04317,0.702083,0.408333,50663,29988
63.7945,5.82096,1.0,0.425,11653,42886
48.4324,13.6344,0.189583,0.809375,38886,17551
12.5522,6.90634,1.0,0.4125,56079,2367
19.3583,1.315,0.866667,0.3,29410,27647
8.98912,1.40055,0.463889,0.460417,35696,5756
43.0901,2.54289,0.116667,0.358333,9247,49795
26.9834,6.66469,0.93125,0.136111,21642,45475
17.0431,12.9857,0.895833,0.458333,15618,50135
24.7447,12.3024,0.202778,0.258333,42552,55729
50.9429,3.27074,0.216667,0.611111,44553,17073
36.6896,5.68082,0.466667,0.338889,3322,56980
21.7109,17.5538,0.472222,0.2,56591,4658
44.3167,1.3166,0.897222,0.289583,45698,45502
11.4247,9.7356,0.591667,0.414583,7999,33172
4.81745,17.1849,0.989583,0.239583,13415,40205
17.8886,9.05314,0.877083,0.40625,4750,38389
48.628,15.5951,0.05625,0.25,10070,23492
44.5233,4.15561,0.108333,0.304167,12881,56273
70.35,8.98117,0.21875,0.29375,25006,14921
14.89,1.55832,0.145833,0.195833,18489,41090
10.2769,13.9058,0.177083,0.477778,11774,21420
18.2936,16.1245,0.40625,0.202778,16811,22769
19.0008,6.68236,0.1125,0.444444,43317,8709
22.0137,11.8178,0.594444,0.353125,27666,39459
48.3249,7.66407,0.925,0.247222,815,39952
33.8074,12.8144,0.538889,0.98125,14051,10123
1.96574,16.4801,1.0,0.5,2788,8785
28.0247,15.2841,0.995833,0.429167,2352,53272
64.0242,9.12376,1.0,0.683333,44872,56864
54.9762,2.9351,1.0,0.283333,15000,53716
21.9107,26.3754,0.861111,0.580556,45706,31119
41.6568,17.6848,0.508333,0.366667,28630,51382
20.2462,9.77591,0.838889,0.266667,40204,28242
25.5926,2.36744,0.110417,0.31875,21115,16159
18.9232,7.48482,0.16875,0.572222,33885,50309
41.3452,13.8688,1.0,0.147917,45380,5096
0.927419,15.8691,0.152083,0.185417,47670,48118
57.0219,18.0919,0.0895833,0.0916667,42525,47467
35.8041,21.2269,0.0333333,0.669444,10217,20722
25.0387,16.2872,1.0,1.0,37563,8138
37.3287,18.1909,0.654167,0.488889,40268,44203
22.766,12.885,0.866667,0.733333,19908,57537
4.96067,3.66224,0.264583,0.166667,41183,28542
31.1728,6.30311,0.0958333,0.811111,22631,32015
7.72582,16.242,0.74375,0.216667,6180,25990
53.4447,10.889,1.0,0.0458333,12300,35140
21.567,14.1284,0.15625,0.475,29851,6637
0.38409,15.0034,0.89375,0.0861111,54098,17632
12.598,12.5478,0.0666667,0.075,18451,56101
42.5161,7.72157,0.260417,0.197222,10373,43500
35.901,11.1468,0.808333,0.380556,35209,9070
6.8754,13.0992,0.133333,0.194444,57271,29602
22.0951,8.0171,0.45625,0.465625,23842,56703
14.0405,22.619,0.754167,0.252778,56037,29714
24.9362,9.85712,0.49375,0.336111,18392,36170
48.4802,18.5163,0.120833,0.525,18622,10944
63.9293,16.7064,1.0,0.355556,46427,24448
5.2191,9.63642,1.0,0.122917,17411,10221
33.3425,13.1203,1.0,0.758333,28106,29485
10.7294,5.22612,0.614583,0.0666667,18815,37069
38.0416,15.2931,0.78125,0.355556,49044,33232
50.459,6.40584,0.575,0.1125,57294,20878
67.8642,16.7852,0.585417,0.325,55361,12949
63.4543,18.4641,0.977778,0.277083,45888,21846
64.995,1.52226,0.6625,0.130556,7404,54168
12.7188,6.84853,0.708333,0.66875,28529,4055
58.8202,8.33723,0.125,0.341667,21835,31305
61.1211,9.7584,1.0,0.15,50725,24192
7.6122,17.3171,0.270833,0.113889,9221,47049
26.916,11.0872,0.577083,0.772917,41377,22878
36.6678,20.6241,0.683333,0.36875,25227,8307
33.2627,10.2143,0.222222,0.68125,18707,17188
15.5441,20.994,0.61875,0.186111,38669,3159
6.73553,8.97882,1.0,0.305556,17974,34202
68.5147,6.83481,0.108333,0.254167,12995,16670
51.8631,15.5617,0.304167,0.994444,23198,24300
65.6629,11.9131,0.0472222,0.430556,38181,1974
13.5077,16.5731,0.225,0.505556,52987,48487
13.6731,14.082,0.102083,0.13125,18524,13925
22.2142,5.03698,0.24375,0.230556,36393,9809
20.1296,11.5806,0.127778,0.288889,6980,28679
29.9938,12.4753,1.0,0.275,2354,196
55.2293,1.78329,1.0,0.188889,41374,52022
54.4365,4.41777,0.5125,0.597917,40987,50990
46.9352,18.4929,0.166667,0.625,10958,16770
14.1701,6.01375,0.113889,0.261111,27948,46499
52.4288,11.5611,0.916667,0.0944444,3666,3784
25.2168,16.7816,1.0,0.369444,45958,10042
25.2725,1.74837,1.0,0.397222,34223,15430
45.5542,14.5547,0.477778,0.419444,47787,57022
31.7172,10.1888,1.0,0.0395833,22417,24668
50.9975,12.2226,0.360417,0.422222,42044,27659
30.2911,12.1955,0.535417,0.0972222,352,23837
33.1618,10.6571,1.0,0.689583,45839,16939
50.6876,15.2876,1.0,0.530556,25546,5113
48.6126,8.99446,0.0854167,0.452083,12546,30326
45.6862,18.4168,0.0354167,0.252778,9993,18748
13.3815,14.7314,1.0,0.752778,37654,28208
46.0388,2.31986,0.216667,0.838889,899,50507
7.30553,20.0096,0.177083,0.0666667,51614,55136
40.5666,14.121,0.108333,0.222222,36027,34328
17.3989,15.6395,0.11875,0.688889,52874,18996
16.6837,13.8335,0.364583,0.819444,53830,7811
11.9493,5.80563,1.0,0.1875,53646,44671
5.25396,10.2694,1.0,0.394444,55407,21402
48.6851,9.00631,1.0,0.204167,52870,53448
27.2269,0.530302,0.144444,0.808333,48711,55130
7.44971,6.08397,0.36875,0.461111,41313,14518
12.6405,13.8353,0.344444,0.908333,2185,46824
64.9982,7.47834,1.0,0.819444,12109,10791
59.4751,5.28323,0.15,0.280556,22852,42511
15.2314,18.2106,0.222917,0.125,33636,25799
20.7991,13.2003,1.0,0.175,26121,34490
17.2315,12.0193,0.0895833,0.230556,20310,13462
15.127,8.72645,1.0,0.405556,3953,12920
13.7207,0.938634,1.0,0.95,18532,18711
46.4575,3.06905,1.0,0.108333,48616,18915
36.1033,7.77228,0.175,0.261111,12957,47453
64.4551,18.2132,0.536111,0.875,5276,48649
2.37758,13.1917,0.394444,0.116667,15477,36011
5.53449,9.7627,1.0,0.344444,8119,4853
34.9456,15.4296,0.220833,0.794444,18179,13303
31.4939,20.3655,1.0,0.330556,30331,10133
64.9327,0.60153,1.0,0.247222,28857,50998
66.1625,2.24041,1.0,0.70625,18608,45658
13.3764,16.4049,0.73125,0.354167,16211,43318
32.4476,6.10358,1.0,0.69375,2629,9920
57.7629,11.7822,1.0,0.54375,34605,29017
43.9852,6.0051,0.160417,0.361111,13021,20315
24.8692,2.36323,1.0,0.272222,46480,13375
28.1628,0.753394,1.0,0.436111,38378,15597
60.5639,15.5152,0.902083,0.245833,55620,46444
59.2798,13.9298,0.390625,0.0666667,23800,45035
50.5317,13.8571,0.352778,0.50625,4162,48181
19.3093,20.0881,1.0,0.822222,33915,40474
64.9486,10.197,0.7125,0.161111,49587,21413
39.2451,16.275,0.777778,0.0791667,24912,51643
1.29973,14.006,0.0979167,0.483333,5973,30550
12.3617,4.48007,0.347917,0.653125,10947,31092
44.7882,11.5155,0.45,0.697917,25739,33618
53.5392,3.54426,0.110417,0.405556,20173,55195
66.5402,5.97253,0.110417,0.140625,31395,37172
32.4744,5.02271,0.08125,0.722222,20186,52718
5.23982,16.8776,0.14375,0.425,16347,6770
19.488,6.11329,1.0,0.344444,30293,31639
37.37,15.1515,0.991667,0.338889,52971,47377
31.7462,17.1187,0.06875,0.260417,1394,15761
30.53,5.96179,1.0,0.880556,550,50114
34.5801,13.4554,1.0,0.0854167,28782,39590
28.0923,3.55477,0.111111,0.280556,3163,15922
24.559,8.06604,0.43125,0.369444,31760,39185
33.9967,14.5808,1.0,0.241667,32947,46474
21.2724,1.22163,0.270833,0.125,37695,20337
22.5071,7.79973,0.641667,0.363889,26401,39894
6.10482,7.48462,0.177083,0.458333,19604,3158
20.9489,10.5694,0.585417,0.413889,721,51815
43.521,8.87855,1.0,0.1,37283,3389
53.3367,7.11451,0.852083,0.455556,56237,10428
42.0605,5.11146,0.783333,0.495833,1884,34171
71.9483,15.6305,1.0,0.211111,21463,33497
22.9213,5.93196,0.995833,0.8625,33800,27493
49.7846,13.2139,0.3,0.0944444,29230,25210
49.754,7.54333,0.0583333,0.8375,41833,43590
3.51391,12.1377,0.375,0.175,10268,38588
11.8697,2.07203,0.09375,0.31875,31221,15737
32.5731,7.11208,0.152083,0.511111,30113,34387
70.0041,22.583,0.1125,0.0604167,26668,27132
51.5134,18.1087,0.19375,0.210417,55893,8248
21.0148,8.17783,0.411111,0.525,5021,10829
62.787,1.88516,0.130556,0.85,12272,53051
50.392,3.16192,0.0888889,0.791667,9219,11792
25.9944,16.9987,0.708333,0.241667,35360,31270
61.9894,3.93652,0.675,0.360417,39697,47461
37.0858,10.5215,0.633333,0.322917,33672,12393
3.01914,14.7997,0.23125,0.297917,50736,48538
11.9915,15.7375,1.0,0.127778,13846,44770
14.7529,2.03965,0.139583,0.129167,54351,14427
32.9581,10.3209,0.395833,0.427778,51580,17381
51.9557,12.8366,1.0,0.658333,23505,22964
49.8116,10.7706,0.95,0.675,23923,51830
71.014,23.7087,0.275,0.445833,9478,20628
28.3443,15.8542,0.230556,0.916667,1007,21828
17.7666,11.5422,0.03125,0.347222,9062,18615
6.62856,5.46694,1.0,0.122917,18611,23452
25.9456,6.14674,0.255556,0.860417,51749,54558
4.53356,7.79652,0.272222,0.202778,30659,14841
6.38868,12.1906,0.504167,0.361111,767,21392
48.4644,12.0143,0.99375,0.147222,10496,41128
64.7377,12.9888,1.0,0.195833,39528,26042
42.7019,8.37406,0.185417,0.191667,37940,52491
16.1395,14.9474,0.4125,0.202778,35491,5092
38.8196,7.42963,1.0,0.216667,9637,18959
14.5989,6.29804,0.479167,0.969444,20621,2768
48.8155,3.57279,1.0,0.479167,18729,50471
12.7173,4.91347,0.935417,0.652778,18801,12004
15.7443,10.7564,0.5875,0.9,30023,43624
48.2817,14.6068,0.419444,0.241667,33149,46812
43.8368,10.0616,0.119444,0.322222,31129,15695
39.8601,0.838472,0.44375,0.494444,51477,41649
24.2253,19.6229,1.0,0.895833,6926,6774
23.5431,3.51355,0.0625,0.486111,29175,774
45.9254,7.75402,0.627778,0.45625,33821,15331
22.0326,16.5512,0.50625,0.569444,42745,50568
78.8288,13.8882,0.769444,0.220833,16423,36412
11.6827,9.56784,0.9125,0.105556,55918,17908
36.9538,1.82116,0.979167,0.105556,49642,34540
38.1596,2.36157,0.76875,0.33125,38086,44929
19.8606,7.3022,0.377083,0.358333,6662,9473
46.5064,14.7943,1.0,0.395833,26456,49582
29.2559,14.2608,0.55625,0.355556,26570,54214
66.143,8.5497,1.0,0.811111,51180,15562
82.7169,20.5633,0.71875,0.791667,35797,24770
86.059,19.4606,0.764583,0.35,47497,22016
21.0041,5.91439,1.0,0.0694444,30772,23036
63.0031,19.6916,1.0,0.14375,43099,34414
10.8916,10.8841,0.536111,0.113889,18114,44183
23.3315,21.8443,0.5375,0.185417,13004,37584
21.9524,12.6585,0.104167,0.319444,18505,49286
34.1992,10.5995,1.0,0.313889,11498,9650
44.6186,7.4108,1.0,0.116667,35386,6708
27.5131,4.13102,0.535417,0.594444,8072,45744
11.2487,6.00191,0.364583,0.477778,50981,19902
19.8129,17.3012,0.222917,0.49375,38248,28433
48.6241,4.37801,0.483333,0.536111,32185,49616
24.2452,15.7524,0.166667,0.314583,5924,11005
66.1819,3.33103,0.735417,0.608333,14901,20522
24.8898,18.1952,1.0,0.614583,20162,50189
34.5466,14.9096,1.0,0.228125,13817,5386
19.185,15.7849,0.7625,0.441667,1346,43949
14.965,22.4468,1.0,0.305556,47229,5111
43.3655,17.9923,0.0625,0.530556,56784,229
13.0591,16.79,0.330556,0.3375,31889,40303
73.6367,17.0103,0.0895833,0.0722222,339,13173
60.9887,14.5389,1.0,0.147222,19697,30917
30.5837,8.99366,0.629167,0.410417,51798,48549
7.20329,7.89957,0.939583,0.0805556,38430,38272
30.5263,8.1767,0.288889,0.191667,39145,32897
60.738,15.3037,1.0,0.278125,43284,28276
2.78343,12.6399,1.0,0.345833,23754,23839
1.46793,5.85129,0.545833,0.705556,51889,37988
3.22395,2.81163,0.514583,0.0875,11881,13392
38.0401,5.16223,1.0,0.527778,55107,55515
17.1169,6.08677,0.461111,0.171875,29278,21283
52.9231,12.5942,0.0770833,0.3,5143,53204
51.3511,1.52646,0.0520833,0.0944444,30461,16926
53.2936,7.60216,1.0,0.519444,30624,14474
6.84149,15.5141,0.06875,0.415625,55589,7167
72.9872,10.5315,0.154167,0.636111,28185,41275
41.5393,14.7298,0.852083,0.305556,15656,48023
10.2603,13.1299,1.0,0.0472222,44912,27058
47.2283,22.8062,0.672222,0.227778,41859,41055
75.3614,12.2117,0.0791667,0.463889,33640,49083
7.32437,12.789,1.0,0.366667,51892,40870
46.8312,10.9179,0.391667,0.461111,41057,34088
11.8935,11.8381,0.491667,0.511111,8431,51135
31.4143,9.82888,0.511111,0.438889,17547,42568
19.0538,10.2695,1.0,0.4,53128,2570
10.0422,11.1673,0.104167,0.919444,55352,11906
22.6829,12.6046,0.854167,0.469444,6418,1128
38.4079,21.7634,0.429167,0.271875,36518,18927
3.80777,6.45845,0.783333,0.458333,3909,6388
16.3756,17.0366,0.0604167,0.8625,31837,13504
35.6327,15.4485,1.0,0.316667,43875,26056
17.2052,12.2349,0.09375,0.216667,14579,46325
47.2555,9.69901,0.683333,0.491667,15725,25670
54.7748,7.75894,0.230556,0.395833,6981,27928
13.9797,9.64782,0.994444,0.427778,38233,28425
5.31066,5.09785,0.419444,0.466667,45600,11870
67.792,34.362,0.191667,0.436111,33958,37541
7.67869,4.05319,0.252083,0.553125,32534,16562
34.9299,4.88075,0.31875,0.210417,46226,6896
41.497,16.1639,1.0,0.7875,56918,7307
7.75712,17.2851,0.420833,0.122222,15301,12204
9.01216,7.86287,1.0,0.133333,33358,20
73.6092,16.5482,0.0958333,0.234375,21988,2445
35.6585,16.3783,0.154167,0.19375,10275,44071
31.9929,16.17,0.13125,0.105556,33659,39191
31.994,5.1989,0.0916667,0.433333,27339,10292
18.2534,7.17145,0.372917,0.35,34756,18673
58.2826,18.3002,0.139583,0.125,52440,35394
11.3711,15.7943,0.21875,0.314583,36173,53704
29.2764,3.51258,0.210417,0.255556,12903,42147
31.1252,4.0427,1.0,0.216667,17227,44442
28.8577,10.6569,0.2875,0.208333,7246,27052
54.2944,6.77564,0.0833333,0.754167,20132,26838
51.2349,0.488943,0.427083,0.505556,29910,23224
7.45987,4.77053,1.0,0.754167,11566,3036
6.35865,13.1926,0.230556,0.334375,16549,43170
43.626,11.8044,1.0,0.369444,29474,14710
53.9618,7.67387,0.335417,0.3,39232,54949
50.183,6.42053,0.405556,0.625,15098,13431
39.4069,8.31264,0.1625,0.35,44649,10389
7.27061,7.04819,0.166667,0.779167,45815,44459
20.0165,22.3102,0.135417,0.635417,18875,50575
51.8594,22.632,0.341667,0.405556,17252,13326
77.0341,12.6427,1.0,0.14375,40726,30374
34.3291,6.22306,1.0,0.314583,14750,1044
10.7858,11.6868,0.125,0.310417,6509,2426
14.7986,16.5902,0.985417,0.225,2687,57084
52.2624,2.03376,0.216667,0.144444,34643,27008
44.5205,2.10856,0.914583,0.130556,10727,12607
2.76172,8.73993,1.0,0.177778,5376,46910
8.96094,3.30338,1.0,0.275,2754,47441
13.2367,18.6192,1.0,0.311111,42422,51521
69.6861,1.17641,0.1125,0.297917,34140,14975
65.6119,3.81073,0.0479167,0.275,57207,49378
13.0343,9.47743,1.0,0.408333,6840,18690
61.1162,7.3591,0.210417,0.122222,56708,13437
76.8812,15.185,1.0,0.102778,31814,25748
22.3089,13.717,0.639583,0.3875,11694,29342
38.8741,13.2643,1.0,1.0,51418,39867
51.5366,9.08514,0.372917,0.870833,15671,47662
21.2589,2.39035,0.0583333,0.55,54481,28836
14.9896,1.53663,1.0,0.552778,41131,39847
43.5981,0.346415,0.13125,0.252778,18490,19249
32.1741,23.0637,0.891667,0.0625,33451,24739
28.0927,9.18799,0.105556,0.705556,10573,42492
50.6095,0.300369,1.0,0.358333,6825,27623
15.0214,15.6658,1.0,0.279167,18850,53128
35.1485,7.58931,0.704167,0.805556,18791,30682
59.6257,6.0956,1.0,0.377778,47032,45363
29.1866,15.0462,0.358333,0.261111,10725,7894
42.8937,2.23008,0.1125,0.194444,6738,35990
23.2204,11.4544,0.447222,0.321875,8196,6186
80.2716,16.3409,1.0,0.547222,34432,29358
54.7812,4.21864,0.997917,0.804167,19735,54389
18.4693,15.2613,0.98125,0.433333,46853,14974
28.7211,2.80612,1.0,0.283333,8217,13983
48.027,2.94598,0.1,0.0611111,41166,48787
15.7831,12.0851,1.0,0.327778,32446,44763
63.9242,5.10697,0.04375,0.522222,48801,44278
16.2964,18.2827,0.81875,0.716667,24987,29956
22.2168,6.07403,0.116667,0.372917,15630,16518
71.2265,12.3243,1.0,0.241667,14418,2033
50.7177,21.8259,0.741667,1.0,46790,8744
63.2755,9.33146,0.65,0.04375,32648,45896
3.95777,12.143,0.677778,0.555556,45714,48238
59.6626,6.58617,0.31875,0.0729167,44767,20463
66.025,12.103,0.0895833,0.277778,13888,33742
17.8724,15.276,0.225,0.735417,20585,33241
30.4942,11.8627,0.389583,0.261111,52355,8317
15.2667,6.4336,0.144444,0.55,6902,41218
0.608559,7.50134,0.491667,0.461111,23249,52357
68.1468,9.40716,0.230556,0.641667,5925,42305
8.53589,18.0061,0.920833,0.13125,11788,36181
12.7654,10.267,0.552778,0.175,16796,16273
31.843,9.74179,0.302778,0.594444,5887,52097
54.1871,13.5272,0.0479167,0.286111,7599,51493
39.5971,5.81459,0.314583,0.338889,37635,10112
8.40808,6.82995,0.09375,0.420833,52728,50317
15.5569,18.9998,0.370833,0.305556,42724,33493
16.9077,19.7413,0.258333,0.436111,50767,6681
69.1409,3.79396,0.325,0.708333,2427,35361
29.8261,13.4171,1.0,0.805556,49998,13355
64.9168,10.2419,0.53125,0.660417,28742,6589
4.88136,7.29891,0.908333,0.330556,14356,46994
30.4306,15.2258,0.958333,0.210417,39336,12705
20.7364,15.5319,0.963889,0.922917,38749,37532
5.37592,13.1139,0.628125,0.634375,31497,53208
67.5526,14.5038,0.139583,0.336111,27290,28090
40.8075,13.8074,0.395833,0.275,6456,1152
6.41568,19.6948,0.2375,0.739583,38151,13560
50.2827,11.0783,0.0375,0.795833,19864,29402
55.8797,4.27482,0.272222,0.264583,8402,38299
35.1718,6.65125,0.816667,0.222222,46584,30857
24.8759,7.77797,0.175,0.144444,26312,42609
5.08958,11.7283,0.495833,0.138889,21242,26433
53.0502,19.7227,1.0,0.161111,46477,11298
29.7629,9.01951,1.0,0.280556,52684,15001
37.2086,18.3969,0.0583333,0.16875,4885,2909
62.3668,4.43212,0.327083,0.854167,56345,37824
18.5526,11.8305,0.116667,0.445833,11971,35110
37.6654,7.1882,1.0,0.519444,46241,18250
21.1838,17.5469,0.102778,0.458333,52583,41664
36.0707,12.085,1.0,1.0,10590,49520
51.8895,18.0814,1.0,0.377778,9151,12722
21.8354,3.53594,0.0875,0.744444,35702,40156
7.48849,17.3687,0.10625,0.105556,21971,40160
58.7165,1.95275,0.33125,0.45,49024,32158
21.7653,2.73343,0.166667,0.230556,14426,35602
22.2035,2.8795,0.166667,0.466667,24254,6304
15.7149,10.8829,0.816667,0.355556,45883,10504
20.972,1.05729,0.111111,0.288889,41989,22178
16.8597,8.02217,0.09375,0.1375,9311,36318
9.52596,3.06696,0.872917,0.0638889,48527,51125
54.2306,7.74533,0.158333,0.991667,50464,1880
67.4777,14.7931,0.23125,0.397222,37906,15097
60.4579,2.48275,1.0,0.60625,3267,7659
49.1627,23.71,1.0,0.14375,2923,13132
43.7425,12.7602,0.827778,0.502778,20300,3298
52.8882,6.48574,0.308333,0.280556,40815,44134
44.6926,6.93167,0.477778,0.308333,57014,23246
20.7486,2.90536,1.0,0.547222,21121,36958
33.9736,16.5403,0.2125,0.419444,22490,38011
29.9472,5.27704,0.479167,0.272222,30354,17107
31.9865,23.1961,0.764583,0.977778,40956,57164
57.1322,3.86214,0.702778,1.0,35291,26177
26.6506,2.66327,0.491667,0.166667,56301,42192
33.3979,10.2736,0.8,0.1375,26594,30642
52.9758,4.35741,1.0,0.113889,42913,53961
33.7178,5.91058,1.0,0.163889,37147,49138
10.2696,1.97598,1.0,0.363889,50011,22118
13.9266,6.41666,0.0895833,0.752083,51336,18718
55.7529,12.3878,1.0,0.2625,44602,41193
20.7966,8.46784,0.622222,1.0,13122,52439
14.5339,3.45477,0.320833,0.661111,9360,34645
64.4589,24.1984,0.166667,0.155556,12492,53676
80.1059,18.3456,0.786111,0.558333,5322,8480
44.8612,3.77526,0.341667,0.14375,5666,5528
30.6535,9.17616,1.0,0.28125,20264,7074
66.4147,17.3457,0.122222,0.034375,2481,12542
65.4071,4.67371,0.39375,0.416667,23634,17733
8.50319,12.2704,0.11875,0.272917,17465,48042
14.3749,13.0392,0.625,0.333333,56433,38899
21.1435,10.487,0.29375,0.338889,36067,29877
57.7989,13.7194,0.91875,0.355556,52413,52377
62.3462,2.88308,1.0,0.8,46840,53770
49.6935,9.5141,1.0,0.4,36681,28728
11.6851,20.5562,0.33125,0.475,22979,56787
18.5678,3.04908,0.65,0.477083,16978,27170
37.9134,27.6773,0.325,0.647222,41160,859
61.2026,2.90522,0.0888889,0.305556,52208,25146
39.4787,14.9478,0.297222,0.0611111,32870,46661
23.2621,12.8782,0.666667,0.48125,11197,32211
6.48205,14.4443,0.297222,0.477778,6580,7605
17.7905,10.2004,0.486111,0.260417,35140,18462
7.9951,15.3087,0.0875,0.672222,39727,54556
5.34564,18.3521,0.158333,0.630556,25206,970
47.1305,16.3765,1.0,0.219444,45036,6611
36.9932,11.6916,0.4375,0.619444,45743,3710
47.4509,7.1073,0.0458333,0.194444,44786,39347
30.3156,14.2586,0.1625,0.336111,11381,28498
37.4341,7.92927,0.427083,0.255556,23696,50651
20.7622,3.42528,0.125,0.577778,53623,30353
66.9059,2.77673,0.139583,0.422222,1977,3840
41.9906,2.88587,0.772917,0.161111,16545,990
17.8926,17.3725,0.116667,0.297222,34483,48275
26.534,9.83407,0.3,0.469444,42870,27981
81.1951,5.45582,1.0,1.0,33466,11623
28.6521,11.0923,0.0972222,0.830556,26586,49816
48.1809,13.5138,0.145833,0.255556,49319,978
20.8784,13.348,1.0,0.419444,41748,37596
65.8466,4.61078,1.0,0.0638889,45252,43292
15.4836,14.5894,0.269444,0.352083,43802,20839
39.0151,1.99015,0.433333,0.169444,48051,10763
31.6957,6.13002,0.230556,0.552778,27313,735
28.3365,1.97173,1.0,0.705556,43567,34901
54.2151,15.7574,1.0,0.463889,14528,12111
11.2822,6.74218,0.308333,0.105556,51066,19438
72.2157,5.08991,0.561111,0.458333,6892,3186
20.6931,1.56742,0.0722222,0.155556,20255,14083
26.2554,4.7198,0.358333,0.0555556,48192,40441
15.3543,1.85685,0.0861111,0.386111,4968,20064
33.9392,4.85013,0.7375,1.0,10900,56918
10.7385,3.32248,0.945833,0.56875,3128,33619
37.595,9.87753,1.0,0.0555556,18820,2461
30.3072,4.69439,1.0,0.65,7524,51986
52.0125,15.4488,1.0,0.0416667,54860,44725
10.2631,10.3634,0.955556,0.121875,29060,48789
38.7174,5.50078,1.0,0.838889,14916,29162
45.7081,14.769,1.0,0.177778,11244,5133
30.1552,6.71746,0.958333,0.183333,15448,49614
19.9512,21.2245,0.25,0.122222,46681,42697
10.8442,12.2905,0.21875,0.277778,38005,48402
54.8525,16.534,0.958333,0.788889,17337,47185
58.8733,4.47727,0.0555556,1.0,10098,10151
12.2344,22.4029,0.0895833,0.730556,3229,13885
23.5296,19.2323,0.333333,0.441667,13351,15684
6.7971,19.2178,0.9125,0.260417,19566,51496
18.9526,6.97791,0.458333,0.445833,9707,15265
22.7449,2.1807,0.0805556,0.419444,8545,20931
8.13421,9.97616,0.316667,0.936111,10936,11880
15.2106,17.0047,0.202083,0.0944444,16949,4101
3.45526,12.8364,0.2625,0.497222,40586,11522
13.8165,3.80939,0.2,0.81875,21531,17166
16.5647,18.0416,0.75,0.0805556,2271,40292
41.5696,20.4584,0.0416667,0.222222,7689,50366
22.7124,7.00783,1.0,0.34375,46472,46932
41.086,3.78911,1.0,0.328125,15384,54786
51.969,15.3215,0.3,0.230556,32085,53911
15.4686,4.61748,0.727083,0.230556,4349,41219
39.2992,18.4712,0.302083,1.0,9642,7876
9.1526,17.8261,0.134375,0.547222,10413,41609
40.1729,9.48906,1.0,0.6,55281,11965
33.6239,12.9221,0.164583,0.270833,38155,51742
27.2959,14.4724,1.0,0.191667,38096,14111
40.2459,7.88441,0.433333,0.436111,16372,51420
28.8368,8.10981,0.302778,0.280556,19909,28715
52.9901,10.5599,0.189583,0.702778,38226,9058
30.3284,12.2389,0.254167,0.619444,9310,37334
68.4051,17.4244,1.0,0.616667,24200,19926
40.5866,9.00526,0.644444,0.291667,44456,46850
23.8673,8.7504,0.147222,0.291667,2156,37047
2.84339,9.7966,1.0,0.325,30377,54611
15.199,7.15673,0.954167,0.322222,39648,26164
17.9592,16.9717,0.15,0.191667,47885,42451
10.4144,14.5271,1.0,0.336111,14072,25224
23.7143,10.9204,0.822917,0.2625,1447,17652
33.4963,8.7127,0.075,0.511111,20308,43995
33.1992,17.3585,0.5,0.05,47509,9179
61.1413,4.97556,0.270833,0.719444,5085,22990
7.09528,10.4993,1.0,1.0,19278,13255
53.9457,19.0155,0.352778,0.204167,34374,18190
14.512,1.63265,0.0520833,0.420833,56657,48375
38.7633,6.27233,0.388889,0.133333,4308,41673
9.75212,9.39375,0.179167,0.713889,28331,10328
4.29761,23.3227,0.21875,0.360417,54577,12856
59.1045,8.76011,0.869444,0.43125,15044,27091
42.7704,6.83454,0.288889,0.355556,51928,21857
54.5815,20.1946,0.222917,0.586111,2921,31025
23.793,17.6635,0.264583,0.244444,49106,22786
11.7932,10.9555,1.0,0.747222,49525,49525
39.9763,8.09852,0.741667,0.604167,29531,294
34.6756,15.8721,1.0,0.0583333,55208,44182
58.2438,2.68847,0.0666667,0.6,17137,45862
31.839,5.22614,0.566667,0.280556,53381,23627
34.6217,11.2287,0.135417,0.502778,54602,22317
18.8852,14.9315,1.0,0.516667,45949,11330
42.1534,11.6624,0.0958333,0.508333,50806,13734
10.2864,9.94945,1.0,0.6,2353,9352
64.8388,7.55501,0.244444,0.219444,57533,51589
5.61812,18.199,0.208333,0.325,37350,8875
47.5324,5.72871,0.139583,0.255556,155,36852
14.5662,10.1277,0.0479167,0.479167,51215,49724
60.1603,3.52144,1.0,0.310417,52266,54638
69.4144,4.8363,1.0,0.452083,52184,27400
9.36475,15.2508,1.0,0.283333,43053,16731
53.1913,10.1935,0.114583,0.3875,35551,30661
61.3189,13.142,1.0,0.664583,39998,55465
63.419,1.30801,0.369444,0.611111,45611,51809
58.5485,12.9285,0.0729167,0.2,56669,24983
9.95172,18.1638,0.241667,0.613889,32810,37391
57.9377,6.76893,0.0583333,0.56875,28556,35869
24.147,15.6287,1.0,0.333333,21258,24101
13.5313,10.0736,1.0,0.144444,30169,45162
15.9394,19.7466,0.258333,0.160417,42229,3852
70.252,13.0684,0.989583,0.54375,29532,3733
45.2107,2.62039,0.964583,0.290625,33581,33213
4.16703,18.6039,1.0,0.5,37601,27861
30.3409,10.4759,0.1125,0.0861111,2089,44678
46.9081,11.835,0.127083,0.125,26443,30038
48.8625,9.97308,1.0,0.163889,10583,20343
3.99493,8.07193,0.161111,0.172917,26669,100
56.7307,10.6979,0.704167,0.713889,53786,52576
25.9053,21.1343,0.24375,0.277083,40117,26158
26.6917,1.96207,0.20625,0.190625,28864,25016
45.4833,2.83633,0.0583333,0.296875,52698,48278
62.8302,24.8372,0.319444,0.152083,30836,26730
41.9329,8.56578,0.45,0.08125,2483,27597
58.6346,14.5506,0.175,0.680556,21023,41864
33.8007,4.13669,1.0,0.533333,27284,47422
18.525,19.3714,0.719444,0.480556,19183,38268
56.2942,7.90974,0.997222,0.204167,44901,41229
53.0259,13.608,0.1875,0.428125,18693,33789
56.3695,3.76309,0.45625,0.533333,41,54963
20.3084,9.23718,0.584375,0.5875,37193,44238
68.6099,8.19164,0.19375,0.144444,52765,39056
30.5454,11.722,0.391667,0.205556,50450,35144
4.83188,12.5806,0.338889,0.569444,22262,51131
30.2352,10.103,1.0,0.258333,54461,51025
56.904,11.3187,0.147917,0.125,8627,162
55.7231,8.24769,0.5375,0.266667,5180,53576
39.2256,10.0631,0.379167,0.102083,15240,1062
64.18,10.5566,1.0,0.355556,47723,4680
30.8265,12.2512,0.995833,0.4,24265,43362
38.4591,10.478,0.0375,0.1625,26755,22423
24.2449,13.2268,1.0,0.522222,43048,40195
40.1427,5.13445,0.0583333,0.23125,28372,48780
34.461,15.2119,0.197917,0.0805556,38024,23686
75.9436,3.97893,0.269444,0.25,48722,14477
40.3255,15.2761,0.11875,0.26875,51870,2635
59.4127,5.46477,0.310417,0.461111,41004,1277
66.6135,15.0748,0.0958333,0.254167,15631,14086
29.4386,2.06241,0.0791667,0.394444,45885,35329
78.369,7.27196,0.0958333,0.283333,46583,17115
51.6139,7.03542,0.163889,0.0888889,42315,31266
7.6057,7.02586,0.413889,0.175,46170,51612
54.6427,3.53977,0.127083,0.383333,11389,16330
66.0588,13.0524,0.0479167,0.413889,35973,20885
27.3636,21.7358,0.233333,0.780556,56329,8483
20.0,10.2895,1.0,0.497222,36021,41480
9.6873,5.65666,0.266667,0.108333,30588,32743
43.4645,11.6983,0.547917,0.660417,36680,35129
24.8159,11.2029,1.0,0.105556,1430,15998
27.1826,10.5297,0.0958333,0.125,24857,16359
49.8469,13.227,0.802778,0.366667,25756,27332
37.5861,22.3969,0.389583,0.111111,38791,23286
22.8815,8.49738,0.222917,0.364583,5484,29625
72.8852,16.5577,1.0,0.1,44267,39418
11.5592,7.83113,0.510417,0.341667,36429,35919
0.455682,14.0105,0.204167,0.772222,4856,44451
68.5597,16.6432,0.18125,0.808333,50774,3712
12.2931,7.64594,0.508333,0.689583,57095,52044
35.8891,7.77761,0.508333,0.816667,46257,5766
55.2745,4.94067,0.847222,0.102778,25906,830
51.9234,13.5953,0.0729167,0.133333,44825,30042
4.35837,16.5369,0.6375,0.127083,53212,22232
52.1693,19.073,0.604167,0.844444,53274,42049
56.4541,14.6196,1.0,0.133333,19274,2438
19.6617,15.9141,1.0,0.158333,40200,37
36.0928,12.1454,1.0,0.113889,17484,33774
69.1382,4.61399,0.585417,0.495833,20148,48792
25.6231,11.4972,0.0666667,0.0861111,32037,48484
43.881,13.7774,1.0,0.146875,17634,10471
10.4269,10.6377,1.0,0.2875,46485,28451
44.46,10.6448,1.0,0.135417,20681,5882
27.4327,4.50512,0.977083,0.272917,52768,41970
22.4269,10.5501,0.291667,0.84375,41576,20108
69.6757,3.55757,0.141667,0.144444,45067,33878
32.8805,9.29787,0.541667,0.0861111,6540,15788
56.9295,13.9266,1.0,0.288889,37459,44927
8.96234,7.31368,0.439583,0.3625,33816,54537
47.0611,5.99913,0.347917,0.402778,51092,26694
12.5069,18.0484,1.0,0.394444,20584,27687
37.2038,0.105767,0.420833,0.11875,25085,45036
16.1669,20.0569,0.0604167,0.313889,51999,14258
42.2708,5.45732,0.2,0.458333,7946,11286
46.3293,20.6065,0.31875,0.216667,2948,53519
38.127,5.60513,0.141667,0.527778,43887,48177
70.3142,6.17946,0.677083,0.377778,12377,23339
6.95959,15.8636,0.964583,1.0,6380,34784
81.6185,16.5347,0.15,0.191667,40092,18173
14.0923,6.71643,1.0,0.2125,24791,28854
72.8505,17.1521,0.313889,0.0541667,1685,23765
42.7239,6.58113,0.0416667,0.525,754,44105
19.7482,3.04752,0.547917,0.0875,10889,28393
6.38219,10.6193,0.352778,0.33125,51907,25374
48.6023,20.6286,0.786111,0.841667,50346,24903
50.371,7.25881,0.375,0.477778,5575,27083
19.1259,9.7386,0.25,0.7,1558,51884
65.2334,12.3834,1.0,0.0833333,48437,47751
6.98908,14.4564,0.0833333,0.588889,35504,54237
53.6931,12.0187,0.680556,0.313889,608,5809
13.8946,13.6516,1.0,1.0,57292,30422
41.9646,3.60585,1.0,0.152778,8148,43030
33.7695,6.30105,1.0,0.433333,36112,13536
42.9749,8.6831,0.30625,0.502778,749,12237
11.9983,12.6746,0.54375,0.1,35531,43176
14.5357,15.8087,0.0861111,0.288889,33146,56061
34.6347,20.2336,1.0,0.0527778,8543,402
30.6263,21.5191,0.3125,0.213889,39530,33358
49.2009,16.0875,0.154167,0.429167,41283,16198
61.0369,2.41886,0.220833,0.495833,22167,33074
3.72764,6.84695,0.04375,0.313889,53996,57322
77.0732,6.82276,0.0895833,0.275,20834,52658
29.5323,13.2036,0.395833,0.113889,31183,38149
28.1928,10.2514,0.133333,0.347917,6676,6215
53.379,6.43351,1.0,0.216667,48441,2933
13.8637,7.72727,0.164583,0.23125,20253,55498
54.4331,13.2621,0.06875,0.388889,36296,50397
44.6938,2.3066,0.691667,0.738889,27392,41815
37.0928,24.2877,0.26875,0.980556,28610,44241
18.5468,9.38517,0.286111,0.236111,42226,19298
72.2267,3.43243,0.61875,0.261111,39061,43495
8.26078,15.3416,0.65,0.475,11606,54366
53.7739,3.06255,0.3,0.419444,14548,44453
42.1442,7.67691,0.341667,0.539583,4055,34204
66.9396,1.04263,1.0,0.466667,37254,30387
56.3473,13.2281,1.0,0.872222,9508,33336
3.22444,3.3597,1.0,0.595833,55597,47440
35.5618,14.7794,0.641667,0.2,5430,25029
30.4271,22.0152,0.761111,0.420833,46044,6139
17.1767,20.5803,0.09375,0.380556,49860,40982
53.8691,12.1972,1.0,0.816667,22774,6813
67.7529,19.8574,0.397917,0.95,444,56485
7.31879,7.40519,0.377083,0.777083,52993,7472
52.6847,11.6079,1.0,0.308333,4406,592
34.6306,1.80972,1.0,0.0833333,28427,7070
51.1748,26.0128,0.497222,0.377778,39240,7241
8.90207,7.9048,0.33125,0.35625,15778,36159
22.6388,13.8911,1.0,0.408333,6190,46901
88.5622,3.27131,0.0416667,0.494444,42935,17840
50.8987,2.01736,1.0,0.291667,23895,11264
44.2493,5.35564,0.26875,0.895833,48918,55506
20.812,6.6881,0.129167,0.233333,9788,38151
38.8404,5.60179,0.525,0.136111,31309,17286
27.9248,4.71226,1.0,0.275,30352,31947
23.3949,7.91602,0.166667,0.280556,14645,27757
13.8199,13.4515,0.9375,0.427083,29682,7101
59.3767,0.478244,0.360417,0.511111,20117,26549
72.0532,3.96293,0.808333,0.2375,6700,47545
8.55109,15.8608,0.31875,0.270833,43154,15783
15.1742,13.0645,0.384375,0.870833,13295,32303
23.7603,9.97456,0.102083,0.113889,36446,37566
14.8613,12.1103,0.179167,0.402778,12189,27566
42.2924,19.5242,0.233333,0.572222,8952,1796
29.7863,10.1173,0.597917,0.530556,16555,5079
13.0212,11.9631,0.345833,0.169444,53269,34829
69.6896,3.14697,1.0,1.0,40403,21197
17.7998,7.55626,1.0,0.375,13824,32432
45.8833,16.4294,0.177083,0.388889,47384,52929
15.281,8.92846,0.316667,0.488889,50455,10441
54.9102,14.4717,0.164583,0.105556,468,38028
26.5348,10.483,0.833333,0.575,45055,42620
52.9839,9.5817,0.570833,0.265625,14062,22980
19.8163,3.1634,0.375,0.2,24738,55086
77.0456,13.1694,0.280556,0.594444,4281,20955
4.52014,1.19921,0.575,0.172222,21730,13596
66.1585,6.62953,0.111111,0.147917,20301,49374
34.6621,4.66503,0.570833,0.15,22484,25760
36.208,10.3954,0.979167,0.211111,24973,34934
29.496,18.0462,1.0,0.308333,7218,5820
39.4967,4.53984,0.63125,0.411111,8807,29858
14.6001,1.89863,0.0791667,1.0,14250,45515
39.1698,14.9643,0.09375,0.163889,8638,20132
55.7237,5.6896,0.179167,0.377778,51365,26221
21.8696,0.854163,0.277083,0.295833,55555,6322
24.516,6.9901,0.586111,0.403125,4042,57287
68.6432,12.3939,0.8625,0.0305556,8759,28991
6.94928,23.9152,0.529167,0.353125,23124,28965
17.7115,9.32863,0.0916667,1.0,8511,41134
22.157,13.5206,0.7125,0.363889,49499,11902
54.4463,10.2906,0.163889,0.436111,615,48855
34.5825,10.0957,0.2125,0.225,18602,33749
40.2425,20.6061,1.0,0.366667,20263,15214
13.1068,15.8722,0.211111,0.10625,36821,37162
24.2885,3.6155,0.635417,0.227778,36166,31772
29.9406,5.72504,1.0,0.4125,56720,44954
62.4347,12.0543,0.1625,0.391667,38545,34488
19.4106,12.2626,0.191667,0.733333,36241,28401
21.1009,11.4955,0.797222,0.302778,5784,35687
20.0247,3.44202,0.0666667,0.425,12581,41744
5.68426,14.1079,0.0708333,0.23125,3811,21566
10.2847,10.5424,0.711111,0.108333,98,4604
61.291,2.20948,0.5875,0.402778,22588,31321
21.9849,12.0011,0.714583,0.375,33130,38451
38.4544,3.07007,0.316667,0.208333,33906,8960
24.8756,5.67536,0.275,0.852778,3171,46355
48.936,10.7595,0.247917,0.344444,35071,3880
45.9742,7.70641,1.0,0.225,39243,12931
45.7903,4.5535,0.38125,0.28125,40653,36995
21.6809,10.1496,0.983333,0.391667,27790,26315
38.795,12.965,0.289583,0.733333,4503,55825
7.90349,5.35846,0.075,0.259375,49383,4215
47.3137,12.9144,0.520833,0.425,39784,47206
9.08289,4.94647,0.991667,0.336111,49764,39330
75.0969,21.3981,0.177083,0.983333,51613,39451
53.9616,1.99007,0.333333,0.425,44115,39754
39.6609,14.0477,0.1125,0.0527778,10363,39791
30.9381,10.5996,0.0916667,0.394444,41957,56013
62.2697,19.129,0.625,0.133333,45962,18907
21.4436,21.9944,0.183333,0.122917,39082,20216
20.6739,11.2912,1.0,0.219444,52853,29817
21.1498,12.6901,1.0,0.54375,17056,50698
56.7841,21.5584,0.55,0.455556,12216,44511
7.13324,7.40244,1.0,0.10625,26395,44003
22.833,12.0779,1.0,0.359375,3433,50864
33.4011,6.38908,1.0,0.178125,8864,11523
28.0492,15.6031,0.622917,0.330556,7976,13809
47.6334,8.24065,0.783333,0.485417,24003,47267
33.8418,4.38675,1.0,1.0,54111,34184
33.0027,14.2143,0.133333,0.5125,40035,20091
48.9515,9.05769,0.429167,0.627083,4767,50356
53.1836,1.17931,1.0,0.216667,32402,18316
37.525,9.61231,0.802083,0.745833,53342,45260
20.2254,10.4783,0.16875,0.877778,36178,13152
45.0292,15.8466,0.45,0.344444,42766,11258
27.7979,11.0093,0.483333,0.629167,44345,16618
6.5515,3.85783,1.0,0.175,34958,41398
13.8153,15.1924,1.0,0.394444,38677,7000
44.343,14.3048,0.291667,0.344444,6994,53259
20.6925,8.97747,1.0,0.470833,16563,26650
38.4939,9.56641,1.0,0.475,54360,25569
47.3652,2.29882,0.295833,0.2375,3454,15378
38.4182,19.0639,0.141667,0.2,45682,45669
36.0921,9.15018,0.986111,0.233333,38802,1200
16.2496,2.58673,0.622917,0.547222,28669,20073
43.1035,4.18292,0.0520833,0.119444,36701,33190
42.0942,6.65229,0.503125,0.15,52186,10093
54.8612,2.24703,1.0,0.372222,48385,9183
34.7498,20.5747,0.45625,0.075,35745,7729
74.0414,12.4586,1.0,0.09375,15499,14135
66.703,6.58397,0.277083,0.0805556,36868,14423
37.9068,14.7878,0.310417,0.286111,50050,12427
33.5835,15.8206,0.558333,0.520833,27769,50267
7.49819,4.347,0.185417,0.697222,29170,21329
7.70724,2.20037,0.994444,0.375,49788,20268
38.3831,11.7635,1.0,0.522222,54594,38773
49.5513,15.0715,0.810417,0.130556,32862,24966
38.0124,8.34038,1.0,0.34375,38146,23978
13.2081,3.24835,0.177083,0.766667,14855,16535
13.6859,15.1166,1.0,0.291667,39085,54202
43.0037,18.265,0.475,0.15625,37199,28628
22.5389,15.6874,0.372917,0.247917,34603,3217
33.8965,14.8743,0.541667,0.179167,686,34867
16.7896,4.7611,0.245833,0.355556,8625,32038
36.2732,9.41941,0.235417,0.741667,41954,35672
20.5557,13.3586,0.241667,1.0,33155,52403
24.4193,14.0413,0.995833,0.275,54522,11939
18.7668,10.4048,0.38125,0.2625,43087,10986
45.1402,2.42123,1.0,0.40625,35226,45244
44.0766,8.00319,0.664583,0.113889,12185,17608
17.3973,12.6022,0.208333,0.439583,44282,40914
29.5776,19.2824,0.728125,1.0,49402,55755
47.8888,3.82168,0.541667,0.466667,24503,47590
8.88675,16.8414,0.29375,0.211111,19029,6463
8.75204,7.50345,0.108333,0.210417,1794,54688
21.7098,8.02185,1.0,0.377778,51284,34018
27.646,11.4834,0.102778,0.647222,495,53951
8.50206,1.98585,0.70625,0.090625,42141,47130
57.1696,13.2833,0.105556,0.552778,18401,22489
39.3852,9.02914,0.929167,0.247917,10276,707
20.0589,6.01937,0.397917,0.264583,7575,42662
18.1627,2.14508,0.779167,0.496875,37627,17480
40.9337,6.09425,0.129167,0.233333,46752,10934
45.7642,2.89485,0.666667,0.580556,24105,1950
23.3349,12.9607,1.0,0.244444,15839,14063
64.1667,23.445,0.554167,0.420833,39680,24094
14.1447,11.7928,0.185417,0.55,32771,44322
51.2266,16.4738,0.545833,0.0694444,52064,46034
46.5239,13.7241,0.527083,0.35,13492,4688
61.88,2.58209,0.336111,0.0645833,31920,54500
35.0749,9.77946,0.172917,0.433333,44335,4939
8.15881,3.68963,1.0,0.208333,43201,28909
2.68575,13.8439,0.291667,0.305556,21828,6754
55.0713,12.8398,0.391667,0.113889,35166,19621
73.2396,10.9793,0.325,0.575,28576,51814
4.72597,5.95306,1.0,0.158333,33226,36729
46.7122,14.6564,0.75,0.163889,4614,31677
66.4981,8.35871,1.0,0.436111,12023,56769
40.5733,7.24604,0.883333,0.180556,33528,13656
70.2367,6.3158,0.322917,0.127778,13132,53932
8.7638,8.54771,0.552083,0.65,42803,17626
76.1033,18.3574,0.19375,0.683333,42978,48815
54.3992,3.17024,0.488889,0.811111,26573,34716
57.4915,7.06859,0.254167,0.219444,55996,54277
37.4482,9.87067,0.195833,1.0,37388,51964
51.7068,17.2069,0.633333,0.114583,3516,16978
49.6082,12.5271,0.370833,0.172222,12301,28403
10.5606,3.69968,0.236111,0.547222,49959,45826
43.3038,18.9156,0.34375,0.647917,28248,40960
49.8196,20.7181,1.0,0.563889,33603,21794
30.6113,13.9392,0.358333,0.560417,53027,18110
24.1403,14.6162,0.504167,0.694444,20396,51641
33.3825,7.79663,0.0729167,0.2,45880,48246
48.6647,10.9715,1.0,0.075,10483,46445
35.1247,7.13114,1.0,0.891667,13374,14207
37.6976,9.37775,0.219444,0.34375,1124,34791
56.3794,11.6646,0.379167,0.688889,49208,48199
58.5093,18.4441,0.566667,0.530556,29210,41254
47.1188,1.21931,0.191667,0.04375,727,35435
34.7876,8.64402,0.4375,0.441667,23840,10965
27.1723,12.2387,0.25,0.236111,13894,46599
31.967,15.1317,0.235417,0.277778,18912,33941
20.8847,13.9652,0.88125,0.755556,701,4113
19.2002,6.24022,0.8875,0.75,10877,49708
7.0451,20.0375,0.697917,0.205556,48755,49499
14.5245,8.716,1.0,0.06875,19884,4833
14.1908,2.97828,0.297917,0.545833,14970,37792
29.7277,15.239,1.0,0.285417,56034,50780
16.0976,7.80145,0.108333,0.127083,1438,51532
6.86198,9.404,0.341667,0.35,18962,22282
46.307,12.8672,0.554167,0.580556,17081,7658
76.8473,3.58259,0.8875,0.604167,11743,2892
45.3776,19.1014,0.0770833,0.722222,6353,47309
81.246,5.88568,1.0,0.508333,11488,30256
68.3218,10.7101,1.0,0.427778,25131,18194
10.9834,17.5226,0.11875,0.345833,11296,24653
61.4701,10.9963,1.0,0.1,27765,47902
7.60347,6.9477,0.697917,0.391667,17712,56332
16.8817,12.8122,1.0,0.852778,10226,34935
31.8337,8.15488,0.152083,0.466667,26163,3033
23.9898,15.7135,1.0,0.808333,412,25184
63.6241,16.8278,1.0,0.563889,23596,11408
49.6217,11.817,0.683333,0.111111,38324,15633
41.5694,6.20546,0.205556,0.1,50723,22019
36.2395,11.4335,0.0694444,0.4,40520,26383
11.9455,13.5733,0.116667,0.0645833,52029,51359
63.2793,9.62807,1.0,0.863889,21785,23721
44.7025,11.7224,0.727778,0.510417,11373,44867
50.5936,16.0544,0.4125,0.0444444,39310,8461
11.8246,20.0225,0.322222,0.116667,26025,23282
33.2165,13.9563,1.0,0.894444,46481,48768
16.491,3.26531,1.0,0.230556,796,56488
45.3311,14.9958,0.06875,0.39375,32661,6341
29.0471,9.59244,0.933333,0.161111,52402,364
10.0785,10.5494,1.0,0.358333,8104,44414
41.2016,18.6726,0.145833,0.172222,41047,43628
52.0695,15.9885,1.0,0.458333,18033,18563
5.80182,3.66307,1.0,0.589583,4197,2847
74.6274,8.10825,0.783333,0.446875,23386,5639
24.0277,1.77241,0.633333,0.14375,34274,48568
62.0663,2.03006,0.625,0.552778,22908,4508
62.0853,1.54839,0.220833,0.0416667,22650,51085
55.5038,11.8134,0.65625,0.520833,35949,4578
11.8729,19.4146,0.11875,0.55,44141,10666
58.8219,8.36612,0.225,0.375,44276,36095
14.3428,10.9203,1.0,0.533333,5569,51305
40.7988,6.89955,0.1,0.25,21360,14829
20.3242,12.9137,0.347222,0.433333,19606,43374
38.9899,3.87344,0.83125,0.497222,12792,7593
50.9911,12.4329,0.297222,0.366667,14292,22959
17.0696,11.3223,0.489583,0.795833,45345,26008
29.3262,3.99091,0.29375,0.313889,10965,29797
33.5831,12.0169,0.202778,0.713889,33676,49454
10.0019,4.36782,0.558333,0.319444,40575,12684
41.9013,4.30832,1.0,0.254167,32164,31389
3.48673,3.13476,0.104167,0.694444,33378,41101
28.0268,3.94868,0.994444,0.430556,10924,25262
7.5329,21.8752,1.0,0.319444,48665,14877
35.9773,4.57265,0.335417,0.247222,47761,17892
48.336,23.7022,0.119444,0.1375,6501,6293
67.5666,11.2662,0.185417,0.403125,55161,22272
35.2336,8.68358,0.1375,0.1375,42998,19432
26.7556,18.8133,0.735417,0.21875,28562,714
40.4385,13.9888,0.205556,0.208333,31682,57046
41.3519,6.70459,0.797222,0.127778,27933,1369
14.1589,0.581667,1.0,0.705556,43658,50109
31.4419,13.8,0.141667,0.152778,23302,47193
7.94999,4.83141,0.0833333,0.6,864,49433
49.5592,3.23887,1.0,0.147222,16448,8182
40.5884,14.3982,0.377083,0.897917,1119,37480
61.2583,16.017,0.1375,0.161111,27118,7228
53.1588,6.61534,1.0,1.0,40717,55842
23.3989,10.8596,0.2375,0.133333,22081,55938
65.5791,16.7293,0.904167,0.325,8796,53486
7.23351,11.1839,0.835417,0.136111,20164,21400
17.1902,20.1746,1.0,0.175,31727,57524
28.9045,7.26372,0.427778,0.561111,39135,53935
9.07504,20.2421,0.330556,0.495833,29498,42158
61.6259,14.7931,0.0770833,0.391667,25607,9046
50.4397,19.4561,0.135417,0.863889,19252,33316
30.0455,5.22554,0.5375,0.147222,34872,33103
60.5265,3.13076,0.1,0.333333,30762,4481
42.8129,1.70942,0.852083,0.394444,50241,41975
12.7377,2.60951,1.0,0.9375,52926,18651
56.6094,7.22551,0.197917,0.259375,14987,55914
57.6495,9.46153,1.0,0.155556,3518,23988
46.2949,2.13834,0.602083,0.110417,30645,26572
33.6342,6.68132,0.225,0.139583,42765,39885
14.4702,2.93536,0.55,0.408333,64,305
10.3243,0.113741,0.341667,0.1,57231,19337
14.781,18.5512,0.835417,0.655556,2461,24816
20.7302,12.2105,0.564583,0.614583,826,36545
86.0199,13.2058,1.0,0.138889,20209,40978
54.3638,14.8349,1.0,0.494444,2506,56268
35.9262,3.19204,0.689583,0.545833,17104,12927
88.4326,12.6571,0.697222,0.26875,43306,10159
32.0778,9.87783,0.210417,0.0666667,29854,53541
11.4673,10.0022,0.172917,0.358333,23841,33845
46.4934,4.83387,0.0645833,0.263889,32907,7235
42.0729,16.9576,0.833333,0.222222,36673,48527
53.9326,11.2859,0.519444,0.452778,31657,50897
1.60438,13.5319,1.0,0.252778,12438,11230
41.8905,16.2425,0.0604167,0.535417,30235,17554
28.6451,8.58865,0.241667,0.125,8724,38283
5.97348,7.71701,1.0,0.216667,12297,6883
52.1371,16.7518,0.2125,0.189583,22525,49128
7.9618,11.4425,0.995833,0.822222,2525,52903
35.3489,22.1892,0.238889,0.255556,11514,39951
16.8839,6.62599,0.166667,0.561111,45176,5878
22.1424,8.03397,0.3,0.463889,33143,21358
49.4274,14.0028,0.170833,0.566667,45690,6115
24.759,13.7617,1.0,0.213889,49079,10114
12.6628,11.1236,0.935417,0.111111,3642,13410
75.2642,1.56053,0.0604167,0.230556,20488,34782
1.61158,10.7208,0.2125,0.427083,52036,5781
25.1925,16.9656,0.330556,0.629167,33431,18670
14.9664,1.03679,0.2875,0.847222,54559,31927
67.5672,15.2437,0.6625,0.369444,20926,5414
14.7984,3.43317,0.177778,0.552778,3597,23736
8.45824,21.1768,0.154167,0.36875,36394,40036
18.1521,5.12385,0.152083,0.946875,42789,52798
15.1856,5.94681,1.0,0.328125,12577,39648
19.2883,2.6279,0.930556,0.6,56819,13747
56.6215,0.431139,0.272222,0.922222,42711,33985
57.0744,1.13921,0.766667,0.147222,15302,3063
73.872,5.09112,1.0,0.144444,39277,24865
36.7601,17.1226,0.0805556,0.377083,5140,13460
7.05809,1.73863,0.477778,0.144444,38473,35538
64.7776,14.6927,0.411111,0.422222,22427,509
60.4611,2.89577,0.194444,0.188889,3870,25579
19.7433,6.62711,0.904167,0.158333,27238,41450
44.8051,12.1246,0.40625,0.1875,41830,24105
28.5839,22.1818,0.84375,0.0722222,80,40886
40.1448,16.9906,0.1125,0.166667,7229,54637
14.4225,15.4189,1.0,0.636111,14408,16864
45.7538,1.91193,1.0,0.864583,13099,30330
14.4944,14.9398,0.491667,0.333333,24898,52334
43.4934,9.4872,0.463889,0.339583,29855,13801
39.4078,12.754,0.158333,0.322222,33675,14180
30.4169,14.7656,1.0,0.647222,3453,51365
8.50238,10.5419,0.49375,0.355556,25835,176
14.3619,14.8294,0.35,0.211111,34220,52181
50.8623,2.3419,0.2875,0.135417,30378,17744
89.2748,8.85495,0.310417,0.180556,42430,45791
56.9732,12.6367,0.766667,0.129167,6541,45388
76.8179,9.02567,0.245833,0.09375,24063,55802
43.3002,6.22412,0.414583,0.391667,39111,9910
15.1696,17.8961,0.208333,0.411111,57453,43194
12.5744,2.83145,0.55,0.255556,26830,57425
52.4464,3.32804,0.302083,0.125,10533,41933
36.3651,3.87409,0.854167,0.155556,47920,54814
53.2703,11.5874,0.2,0.14375,24121,56777
25.103,10.7942,0.527083,0.670833,34716,2063
57.7021,9.28033,1.0,0.0777778,5067,34611
12.7802,5.19304,1.0,0.28125,8114,25302
67.0135,6.84868,1.0,0.266667,43058,46134
31.689,23.1741,0.658333,0.641667,16537,11894
10.845,12.93,0.979167,0.222222,44721,19646
9.76161,11.9899,0.222917,0.18125,43035,44707
60.7749,8.20341,0.2375,0.169444,22598,8276
9.44389,16.1295,1.0,0.125,32799,54771
8.56289,3.67892,1.0,0.375,50923,48350
47.8921,9.8684,0.575,0.730556,37655,55922
40.1275,9.46184,1.0,0.413889,32978,39570
34.0315,10.8434,0.76875,0.15625,45940,28431
14.6943,9.47299,0.13125,0.211111,59,39581
34.3066,12.7866,1.0,0.405556,41324,748
12.134,14.3734,0.9625,0.161111,4842,45810
35.0282,11.1187,0.472222,0.372917,26428,17097
31.1129,11.1717,0.479167,0.391667,2415,3512
31.6425,14.2314,0.391667,0.0833333,777,29974
24.6857,16.8176,1.0,0.169444,47825,51470
26.4425,11.1314,0.254167,0.294444,11529,15207
51.5198,10.7701,0.0979167,0.0722222,26044,43301
35.7283,14.147,0.258333,0.0604167,57037,12169
44.0208,12.2214,0.438889,0.75,36171,55854
17.2805,10.7499,0.28125,0.23125,30802,13669
13.8063,12.5225,0.489583,0.783333,53413,53300
53.0801,2.99292,0.74375,0.235417,28711,14681
38.139,7.53638,0.0416667,0.119444,39427,30634
21.7946,6.82771,0.05625,0.969444,7616,22553
47.0587,13.2827,0.275,0.325,54657,44386
40.7384,25.6963,0.5875,0.08125,40903,31432
6.84318,3.18636,0.266667,0.315625,33831,28789
57.4824,1.68986,0.266667,0.102778,36378,8383
11.7022,10.5492,0.352778,0.733333,25376,46797
13.1872,20.1815,1.0,0.10625,29997,21948
48.2158,19.3202,0.10625,0.561111,1588,42674
49.1212,13.8705,0.172917,0.363889,36716,51834
60.3383,12.2498,0.0541667,0.394444,16654,27026
60.3512,14.0298,0.0895833,0.422917,41095,24846
30.2889,19.516,1.0,0.285417,51186,26998
52.83,14.7987,0.45,0.166667,31360,15587
55.3851,12.961,1.0,0.25,41259,31137
37.7701,11.994,0.211111,0.286111,5008,3291
49.936,8.47081,0.233333,0.436111,18659,51261
5.66019,8.21579,0.145833,0.997222,22527,1614
52.9738,17.3909,0.1125,0.922222,31273,23486
46.2159,10.796,0.580556,0.23125,14555,49639
39.6601,10.2555,0.40625,0.369444,43172,16261
55.0321,8.54087,1.0,0.711111,42130,34143
38.3112,1.60075,1.0,0.283333,16682,45016
2.58369,0.409184,0.111111,0.655556,1608,44504
15.5921,1.4822,0.152083,0.413889,47162,1957
62.5014,20.2078,1.0,0.891667,25282,16609
26.0851,12.3815,0.322222,0.19375,20004,32130
15.5769,2.65549,0.25625,0.116667,23337,32972
51.5892,13.254,1.0,0.516667,32406,15531
28.1556,8.88995,0.64375,0.1,6998,48644
22.9324,15.904,0.90625,0.227778,50586,34625
46.3719,12.6068,0.19375,0.136111,300,52117
12.2823,6.2641,0.245833,0.258333,38004,34021
33.9502,22.7561,0.0979167,0.158333,28143,56805
45.1472,9.62902,0.0770833,0.730556,14540,12519
70.0409,5.37795,1.0,0.575,11336,50609
31.3723,14.423,0.81875,0.269444,21490,21233
33.8127,1.41098,0.497917,0.480556,39872,29581
50.0497,14.2339,0.711111,0.616667,10356,35912
27.2528,6.81765,1.0,0.425,25974,57309
18.9306,14.5301,0.13125,0.491667,47023,45664
28.1098,23.234,0.145833,0.120833,12123,19491
43.1947,11.0565,0.725,0.858333,310,45348
50.6389,13.6294,0.525,0.44375,26031,9261
31.5769,18.8678,0.791667,0.253125,40603,48652
46.8721,22.8955,1.0,0.108333,44249,23802
29.4086,2.93692,0.147222,0.583333,33913,16663
27.1526,16.0916,1.0,0.197222,24993,19336
53.5354,2.34829,0.83125,0.433333,6895,10784
16.6795,9.84768,0.18125,0.68125,27651,42139
42.5108,8.74601,1.0,0.522222,19300,20995
12.0282,7.31579,1.0,0.785417,6293,47850
17.8184,14.6204,0.314583,0.180556,7417,26357
35.8655,17.4854,0.1125,0.084375,52646,3338
61.9268,13.6983,0.345833,0.283333,8718,11983
26.6959,7.59936,0.0333333,0.277778,13675,56270
26.7032,20.9779,0.972222,0.340625,20601,50335
57.2829,12.1345,1.0,0.305556,56195,12214
36.8626,2.31248,0.2,0.25,39043,920
33.0277,14.19,1.0,0.436111,40686,37004
39.8517,13.5577,0.394444,0.40625,33997,21426
38.4322,12.9938,0.51875,0.525,48876,54762
52.3026,10.1329,1.0,0.358333,56370,50439
29.5213,16.3944,1.0,0.0666667,28432,37509
39.1745,1.33041,0.316667,0.861111,44890,1014
28.8541,8.27234,0.158333,0.222222,47059,11751
31.2331,8.99053,0.458333,0.460417,36352,21950
5.01548,14.6425,0.939583,0.73125,40425,19484
20.0818,10.5372,0.388889,0.413889,56296,11024
20.7302,13.7335,0.90625,0.191667,50518,24536
73.1048,7.2524,0.333333,0.405556,46117,32646
49.6014,19.7346,0.686111,0.286111,17569,57533
45.9766,17.4264,1.0,0.265625,17732,49142
52.043,20.9644,1.0,0.166667,16022,28408
12.8812,7.48501,0.0958333,0.225,39229,33452
20.4211,10.7675,0.127778,0.675,34685,3618
76.1248,8.8309,0.452778,0.754167,12991,47369
68.799,7.74089,0.175,0.441667,13072,12503
48.9773,15.7178,0.395833,0.216667,34584,44106
66.4155,4.09379,0.55,0.322222,47689,38640
35.3468,4.88937,1.0,0.855556,31777,24295
3.60255,7.38226,0.541667,0.322222,37773,40577
24.9839,9.26878,0.260417,0.447222,36729,28420
60.4939,3.87861,0.216667,0.288889,18384,15048
14.3518,3.88192,0.219444,0.466667,32794,21265
39.9818,11.1222,1.0,0.55,668,53349
9.90177,10.3625,1.0,0.214583,33070,19205
6.60684,6.36923,0.40625,0.915625,42099,30286
49.89,5.42142,0.360417,0.655556,13602,17977
84.7305,11.8044,0.116667,0.286111,7677,21655
38.0722,7.97496,0.525,0.1,19597,17665
7.70982,3.77503,0.183333,0.213889,13879,15589
27.9567,20.4259,0.697917,0.40625,33912,29032
63.5621,6.26221,0.80625,0.338889,18400,12573
40.3055,5.24536,0.111111,0.0791667,1247,11468
51.3709,10.6319,0.2375,0.302778,15904,6112
36.9815,14.2904,0.1125,0.564583,8715,54069
66.6277,7.55567,0.075,0.284375,56382,16979
40.927,7.90859,0.50625,0.330556,15521,20163
56.6176,19.2826,0.24375,0.43125,14520,22146
49.7352,17.6116,0.4875,0.761111,53586,4729
12.8185,19.007,1.0,0.3,20865,22797
33.2943,15.8588,0.947222,0.604167,39255,24868
20.1077,0.949949,0.225,0.572222,52112,28508
10.4245,7.48253,0.0625,0.222917,8615,12744
42.1995,18.0651,0.177083,0.486111,53896,30736
19.9733,10.3697,0.319444,0.197222,9488,23234
7.52006,9.33486,0.0625,0.15,14175,36001
13.9285,2.23247,0.138889,0.361111,3621,443
11.5077,14.2718,0.366667,0.0770833,48252,51728
36.7289,1.9038,0.255556,0.191667,11436,52864
36.2828,17.9642,0.329167,0.577778,25585,10330
59.7392,12.7847,1.0,0.616667,56661,14104
35.5157,14.0749,0.1375,0.541667,39674,48979
12.8076,9.52465,0.3,0.486111,2158,35817
15.7371,25.5712,1.0,0.469444,19392,30529
21.5149,12.491,1.0,0.216667,29786,10068
12.5492,2.85684,0.06875,0.369444,26827,48046
27.4753,8.31287,0.572917,0.152778,5839,51739
13.7568,2.94497,0.3,0.939583,3233,27670
8.09787,22.2165,1.0,1.0,4085,38883
41.7374,5.10904,0.266667,0.538889,22615,33014
29.154,9.13015,0.808333,0.470833,2295,33944
68.9532,16.4841,1.0,0.261111,7779,13696
43.142,16.8538,0.133333,1.0,52225,27633
11.4215,3.70641,0.133333,0.627778,20210,41630
6.67046,3.54697,0.619444,0.772917,24547,1178
7.85194,13.0096,0.114583,1.0,26967,41138
12.1412,11.2812,0.479167,0.647222,40222,40154
37.4706,16.8378,0.0833333,0.175,40342,49281
56.6184,12.2617,0.339583,0.133333,42836,3797
34.1548,20.6674,0.625,0.177778,38635,45367
40.1491,7.18722,0.59375,0.583333,11956,46680
81.2526,14.2767,0.2875,0.0708333,54981,21633
36.3838,22.6885,0.261111,0.229167,42434,2639
48.496,0.569803,0.46875,0.164583,6946,46007
28.1869,1.78958,0.0958333,0.394444,16819,35429
43.8304,5.80779,1.0,0.288889,50074,9113
32.8576,13.5525,1.0,0.358333,49461,6056
14.9719,1.55214,0.64375,0.25,48287,28877
23.2532,9.33892,0.622917,0.386111,28858,34160
39.8199,9.78115,1.0,0.308333,48011,56923
51.6523,12.7289,0.629167,0.191667,6342,1893
20.276,4.64662,0.0729167,0.291667,11031,30720
13.5301,3.43169,0.4375,0.969444,9735,29111
50.7489,3.06382,0.283333,0.891667,55400,35405
55.7614,13.9283,0.364583,0.277083,53890,34139
68.5858,14.4038,0.102083,0.184375,33557,33027
43.7473,8.93338,0.183333,0.205556,11921,36714
15.8478,17.7863,0.245833,0.608333,6194,34250
29.0783,15.3431,0.152083,0.216667,24232,7063
53.2607,10.0983,0.0729167,0.884375,20713,37528
28.9075,2.88889,0.383333,0.0916667,34529,37339
53.6781,2.4373,1.0,0.14375,40036,32076
18.0715,8.93061,0.675,0.241667,6067,57118
65.1485,8.09048,0.0520833,0.938889,10399,24208
14.2717,9.2129,0.35625,0.447222,5635,37332
48.648,16.0917,0.114583,0.241667,14329,25819
15.2436,10.4235,0.0979167,0.680556,17841,40200
20.2333,8.25038,0.166667,0.710417,37553,55594
14.8322,3.53497,1.0,0.633333,42764,19195
49.5027,15.5073,0.180556,0.261111,37945,40059
60.8822,9.87126,0.75625,0.470833,39054,54632
41.4698,11.2591,1.0,0.11875,24757,14653
48.1385,7.97198,0.65625,0.233333,7126,55965
21.4443,3.50567,0.152778,1.0,37692,41851
36.8041,14.6023,0.075,0.733333,49813,13870
24.7374,2.54395,0.125,0.922917,8409,52717
18.2222,11.9256,0.863889,0.386111,18442,20006
34.1762,16.5799,0.777778,0.366667,19431,49909
21.6998,13.7779,0.539583,0.619444,1196,11050
24.7598,3.81717,0.166667,0.216667,15334,1738
34.9963,0.410802,0.383333,0.189583,6222,18496
44.4243,1.69962,0.214583,0.347917,29371,34822
24.841,0.479747,1.0,0.6375,28710,2804
82.5105,13.4287,0.327778,0.130556,29469,28065
46.9362,16.5895,0.579167,0.675,6560,40897
59.4343,10.3201,0.539583,0.1,7354,46330
17.2853,19.942,0.835417,0.747222,10708,694
2.83143,10.5619,0.325,0.0777778,829,31229
70.5047,12.3101,0.772917,0.102778,35255,46183
47.1659,23.6661,0.527083,0.147222,57177,15899
40.9556,14.9824,0.164583,0.258333,34299,47997
34.1455,5.3638,0.35,0.161111,22211,27343
62.44,10.7461,0.777778,0.477778,33346,26467
39.6721,18.8265,1.0,0.125,56606,36243
83.783,14.4006,0.294444,0.477778,50816,49331
23.8751,15.0313,0.954167,0.258333,6549,10079
63.8994,16.5621,0.104167,0.227083,29661,13354
56.2247,1.87586,1.0,0.43125,16004,49847
43.3867,15.7865,0.552083,0.272222,53574,3119
32.2785,9.93832,0.189583,0.183333,6424,7854
61.339,11.7903,0.155556,0.391667,51919,8010
21.64,6.60139,1.0,0.35,16673,2205
43.4379,7.99219,0.138889,0.190625,50614,13076
38.0622,9.44501,0.0666667,0.116667,48429,27766
24.0268,14.0535,0.335417,1.0,8843,18362
74.83,8.49279,0.545833,0.177778,42596,54384
52.4603,7.04774,0.738889,0.872222,287,37865
43.1206,14.0275,0.127778,0.120833,44756,2400
13.3944,2.40447,1.0,1.0,57056,41461
53.3747,15.6644,0.269444,0.275,14632,29288
10.7636,13.2742,0.0666667,0.308333,40130,8425
51.8853,16.6508,1.0,0.491667,27291,16712
51.4486,10.019,0.977083,0.188889,13964,27684
36.6127,6.63968,1.0,0.694444,41955,28226
19.8126,3.34659,0.075,0.325,16716,39432
10.6801,15.9105,1.0,0.983333,4539,30656
2.24621,3.8435,0.14375,0.5,47768,50084
44.0132,3.07753,0.136111,0.791667,54370,17596
15.5426,11.2269,0.802778,0.405556,38873,23484
40.0437,0.435983,0.204167,0.427778,21838,48343
10.6406,13.3261,0.397917,0.0604167,44961,54225
19.1769,2.87494,0.06875,0.7,42401,15162
17.3951,10.6158,0.704167,0.35,16432,23041
15.7075,19.9662,1.0,0.211111,19068,23694
19.8502,25.3148,0.147222,0.329167,27436,57437
7.47892,15.3079,0.4875,0.619444,24482,47802
40.2488,21.9299,0.222917,0.205556,5717,1353
29.2033,20.6526,0.180556,0.497222,1625,27999
13.1611,0.196877,1.0,0.361111,30439,26485
34.8239,6.67791,0.0708333,0.463889,19265,50226
23.366,7.22363,0.24375,0.469444,51792,1516
2.62611,12.7423,0.99375,0.308333,39359,56535
33.0699,8.40149,1.0,0.136111,11700,24674
39.7441,11.2986,1.0,0.936111,28386,55477
37.4921,7.35976,0.625,0.111111,34674,20242
26.8691,12.1949,0.0770833,0.596875,19975,24297
22.0914,5.22794,0.135417,0.427083,22521,36421
82.2456,8.29042,0.05,0.636111,24052,13534
51.9499,10.0977,0.108333,0.208333,29604,50966
58.1695,14.8649,0.360417,0.283333,48228,5326
1.80622,15.0447,0.10625,0.159375,45455,54288
12.4986,1.30826,0.733333,0.310417,43908,36397
5.40687,11.1789,0.108333,0.127778,26697,32922
7.8255,8.72185,1.0,0.188889,17706,1176
43.144,7.37845,0.152778,0.333333,33825,9195
55.7309,2.17889,0.722917,0.335417,38302,14788
18.1099,9.09449,1.0,0.646875,9282,5217
6.88344,14.1318,0.15,0.0833333,23996,35309
23.933,1.52786,1.0,0.45625,6267,9139
57.1394,17.9493,0.966667,0.172222,15764,29239
9.08158,15.322,0.0395833,0.380556,25939,1024
44.2889,6.14265,1.0,0.161111,13031,54076
59.1813,9.72698,0.23125,0.194444,44630,24438
34.0438,5.37708,0.0833333,0.58125,8294,14035
58.5989,7.72645,0.372222,0.5,55120,20472
71.6469,11.0605,0.09375,0.586111,55689,52914
6.67227,12.07,0.108333,0.202778,4421,55148
60.9828,17.3238,0.404167,0.122222,41634,45875
12.1455,9.13363,0.160417,0.838889,45495,35224
10.5851,20.2946,0.135417,0.155556,39137,15002
28.6605,15.0462,0.997917,0.0583333,16777,40074
14.4228,20.5127,0.0604167,0.772917,7997,35298
69.9835,12.2584,0.308333,0.597222,3948,25987
22.7501,1.00266,1.0,0.341667,11690,40529
51.2005,12.869,0.122917,0.177778,46433,33741
90.5568,13.1806,0.172222,0.294444,45631,26234
36.8819,11.3718,1.0,0.341667,7013,52763
46.3207,12.7751,0.2125,0.125,12296,8338
19.4587,9.38533,0.270833,0.35625,2465,19790
48.559,7.04409,0.208333,0.222222,56413,41442
38.6306,2.2873,0.166667,0.429167,35013,34012
25.7423,13.4632,1.0,0.327083,54921,37103
59.1804,8.01682,0.716667,0.560417,29944,30308
16.8778,10.426,0.952083,0.133333,12816,10309
68.3298,11.0881,0.820833,0.461111,26129,23971
26.7657,4.57245,0.122917,0.247222,50361,27979
49.7007,8.16389,0.120833,0.269444,45582,17276
26.6686,4.23837,0.297917,0.3125,55374,23763
11.0914,10.2101,1.0,0.361111,25092,9641
12.3454,4.12547,0.13125,0.566667,40602,49531
65.5686,4.0654,0.0895833,0.25,51978,22912
35.3593,14.6059,0.0770833,0.113889,20314,24417
59.8835,4.77718,0.166667,0.134375,25521,28647
5.08793,24.4471,0.669444,0.385417,31009,3037
59.2869,4.49441,0.455556,0.245833,56768,39008
45.6732,11.9303,0.408333,0.49375,42431,2405
15.2877,20.5819,0.897222,0.102778,9150,24242
28.7729,17.2143,0.0791667,0.116667,55446,7653
29.1776,5.06265,0.980556,0.765625,56879,28513
27.4338,11.5489,0.586111,0.06875,11019,57324
6.93402,13.4045,0.13125,0.177778,16202,22657
50.6617,3.34442,0.4,0.780556,15352,815
43.1495,9.17603,1.0,0.669444,1765,4772
30.5909,9.98016,1.0,0.177778,34604,2694
8.67733,3.19156,0.827083,0.208333,38590,7860
43.015,16.6456,0.0854167,0.122222,17566,23516
7.3376,5.66101,1.0,0.880556,49246,10564
13.6731,3.40111,0.470833,0.711111,43125,9938
12.3301,8.74258,0.366667,0.127778,21920,22534
34.5912,9.74157,0.0520833,0.297222,9662,6234
38.1901,5.55086,1.0,0.172222,48831,31931
44.8525,3.49894,0.0875,0.663889,51082,54538
38.6585,9.35149,1.0,0.6,2276,32223
53.37,12.7387,1.0,0.583333,4862,21581
19.7861,12.834,0.408333,0.133333,50318,25489
50.9977,11.1535,1.0,0.413889,331,42135
57.3432,4.65234,0.594444,0.355556,43387,24805
29.1162,3.12404,1.0,0.758333,28649,14493
59.0197,6.30777,1.0,0.486111,2642,56319
69.1183,9.40448,0.7625,1.0,22117,51897
20.748,15.5442,0.383333,0.152778,23964,54273
18.6884,14.2467,0.558333,0.113889,43004,46766
2.08519,2.79626,1.0,0.916667,5171,30214
64.0651,7.35332,0.722917,0.430556,28612,32104
3.21006,13.8093,0.74375,0.388889,46470,42624
36.4592,3.83822,0.472222,0.325,42314,2475
39.0973,9.88086,0.872222,0.828125,47223,57522
37.14,14.5995,0.189583,0.488889,3333,13402
12.4647,12.4717,0.263889,0.58125,44280,33684
25.194,11.4387,1.0,0.509375,6521,10039
4.79149,10.402,0.0875,0.363889,9097,46792
20.3304,15.793,0.291667,0.497222,56489,15757
9.54785,10.3627,1.0,0.515625,48226,46466
73.1293,13.2962,0.897917,1.0,36013,45317
62.6602,4.89135,0.216667,0.225,12107,31759
38.368,16.1406,0.477083,0.241667,39060,14327
19.5667,5.80479,0.7125,0.254167,34562,35667
7.96975,14.6897,1.0,0.0972222,38686,46657
9.40974,6.30743,0.0541667,0.508333,1828,2104
33.3765,9.09099,0.0333333,0.319444,18455,57392
10.1428,18.0658,0.422917,0.308333,53672,55522
11.7084,27.0992,0.0479167,0.505556,4112,43965
6.51742,5.79428,0.408333,0.291667,47562,20346
36.7873,6.75826,0.310417,0.120833,7959,35297
46.3384,14.2407,0.927083,1.0,1064,32184
67.0546,13.74,0.0604167,0.15,8070,15616
11.635,13.6129,0.452083,0.208333,30535,44349
22.5768,11.4553,0.239583,0.870833,46195,5103
12.9095,8.64876,0.55,0.191667,6634,11825
25.8913,9.96082,0.208333,0.158333,43509,48212
28.6677,9.95858,0.13125,0.558333,50047,54406
20.5002,5.94098,1.0,0.45,14039,5854
31.6237,9.63407,0.452778,0.672222,40346,3678
57.1926,9.13276,1.0,0.305556,7302,39117
3.60526,8.29221,0.595833,0.1,3555,11378
8.87526,12.9983,0.245833,0.466667,41185,16752
56.6196,13.6413,0.172917,0.269444,44224,12465
31.9967,4.37128,1.0,0.544444,42365,15915
61.8074,2.76492,0.120833,0.09375,17270,52562
53.393,17.4558,1.0,0.202778,55666,29749
69.9603,14.1495,0.944444,0.205556,6329,47557
15.2907,12.2868,0.185417,0.970833,15561,6870
40.1992,13.9437,0.5375,0.205556,31752,32395
29.282,3.03216,0.347222,0.514583,41487,23937
38.7976,11.5552,0.222222,0.213889,10361,28004
9.40862,3.32526,0.254167,0.05625,36000,35854
28.1487,4.01615,0.808333,0.860417,50029,1350
43.179,17.4291,0.05625,0.225,53914,27713
77.8686,9.23999,0.725,0.811111,48000,29996
34.8849,1.81977,0.505556,0.11875,41739,37477
15.4477,6.3283,1.0,0.641667,3861,23975
40.4277,14.2322,0.3875,0.416667,50443,5216
67.6511,7.67979,1.0,0.511111,8822,8584
47.9168,20.6033,0.579167,0.0888889,20565,39112
10.5108,18.6382,0.995833,0.60625,55056,54219
19.9699,4.48364,0.28125,0.330556,8288,49933
50.6456,13.9736,0.619444,0.230556,25490,17852
40.156,3.27151,1.0,0.235417,31667,31649
27.3296,8.17163,0.1875,0.327083,36964,52367
9.44664,13.8578,0.283333,0.658333,7324,802
10.7829,3.45492,0.827083,0.616667,47607,10203
38.6265,5.24637,0.352083,1.0,57494,33888
6.84475,10.6224,0.7,0.444444,55355,26991
5.22007,18.8316,0.541667,0.413889,29329,50410
16.7089,11.8191,0.580556,0.463889,48818,31666
36.254,16.3458,0.90625,0.722222,4697,9460
20.5814,18.9692,0.791667,0.520833,10768,25089
14.1438,4.3686,0.63125,0.145833,19571,12355
28.2617,5.88338,0.527778,0.425,13216,50449
28.5834,6.29629,0.686111,0.636111,24476,56258
53.0711,8.36827,0.266667,0.585417,26184,38952
3.26823,0.0616929,1.0,0.147222,869,41764
41.7829,14.6577,0.502083,0.188889,40270,49233
49.6619,7.7127,0.708333,0.10625,53129,20510
4.66078,13.7136,0.1125,0.1125,24769,29211
40.0587,16.4663,0.23125,0.494444,17764,43988
50.5805,13.4931,0.970833,0.25,5545,37448
19.0228,12.8811,0.495833,0.430556,49251,52588
42.5795,16.1147,0.175,0.385417,50994,28380
43.2897,9.79662,0.254167,0.794444,35858,10806
52.736,14.4895,0.48125,0.669444,45526,46644
37.6221,8.04635,0.625,0.444444,5516,48641
14.3661,8.66384,1.0,0.325,8670,57056
16.238,12.0212,0.702083,0.525,42903,32888
14.8947,13.0934,0.183333,0.125,11584,46510
53.073,15.9963,0.145833,0.272222,57566,25848
22.4951,2.83367,1.0,0.294444,25557,15135
50.4984,7.68565,1.0,0.0611111,8711,11465
69.5389,10.2225,1.0,0.394444,43223,48633
62.667,13.1755,1.0,0.1125,27010,57444
17.5363,7.36194,1.0,0.360417,10099,13322
22.5478,6.58307,0.725,0.629167,38818,26196
42.2257,12.0841,1.0,0.404167,22544,12144
21.6758,14.0673,0.220833,0.25,1309,4512
33.6634,15.9794,0.2,0.154167,46976,28977
19.7424,8.97414,0.45,0.413889,28980,21664
62.083,13.5543,0.441667,0.319444,1824,23082
40.4207,17.1627,1.0,0.461111,38982,14731
71.4999,15.7602,0.5125,0.302778,9002,42310
31.7834,15.997,0.977083,0.15625,39542,10105
13.8108,12.4419,0.0541667,0.264583,53843,43416
63.8638,6.63012,0.145833,0.413889,45772,38199
28.2593,6.59027,0.279167,0.163889,22148,25085
9.46368,5.35388,0.191667,0.608333,39561,836
21.5053,22.5661,0.308333,0.544444,18281,9252
52.9301,22.3188,0.213889,0.410417,53563,11567
16.1608,3.70697,1.0,0.347222,23046,40010
65.5469,9.37094,0.289583,0.411111,23459,8288
41.7747,1.63193,0.125,0.325,19268,52852
21.8335,7.85182,0.60625,0.394444,41914,36081
42.6049,8.09097,1.0,0.505556,45649,44961
22.0153,5.98642,0.127083,0.152778,53564,45126
28.9321,15.358,0.183333,0.397222,18694,14560
16.4515,9.74073,0.210417,0.2625,26172,40752
8.50117,17.9217,0.220833,0.0861111,41986,22255
56.3639,1.03994,0.41875,0.386111,25026,39213
33.8036,19.6808,1.0,0.416667,7114,43037
49.004,18.0226,0.664583,0.433333,50728,5200
25.4633,10.8606,0.283333,0.0958333,17602,49241
16.3676,17.172,0.466667,0.689583,37865,38639
65.0421,1.63721,1.0,0.452083,52722,51495
9.34421,2.25084,0.133333,0.184375,11194,8348
61.0196,10.3547,0.575,0.425,55518,18934
40.1805,5.52322,1.0,0.838889,51070,32451
38.622,8.0602,0.879167,0.589583,30201,24910
27.3196,12.4909,0.608333,0.172917,21869,33516
5.60717,8.51571,0.0520833,0.158333,44926,29900
32.0054,7.60272,1.0,0.372222,46056,20770
27.4032,14.4373,0.353125,0.172222,1576,24696
48.079,10.3852,1.0,0.225,48238,30345
30.8499,9.43239,0.316667,0.889583,11246,50149
55.5284,15.4315,0.0666667,1.0,42098,18008
45.6272,1.97951,0.1625,0.427778,8886,23660
15.4619,5.17448,0.891667,0.530556,3056,19918
23.0903,18.933,0.25625,0.520833,8313,50853
45.8496,11.2746,0.939583,0.280556,50173,34714
65.0129,14.2617,0.70625,0.779167,14813,55882
5.54949,1.82036,0.258333,0.83125,29101,27367
20.6082,12.6338,1.0,0.0888889,7002,6519
62.9133,10.8181,1.0,0.647222,45953,4457
25.3551,6.39253,0.11875,0.572222,4239,14502
13.2616,4.20495,0.216667,0.0805556,29195,26457
16.4986,15.0952,0.254167,0.0708333,44707,42774
52.4279,10.0641,0.339583,0.4,48572,54873
20.7861,17.3894,1.0,0.291667,50932,23792
48.9217,14.2629,0.0833333,0.225,34764,36921
36.2486,7.4672,0.75625,0.170833,40668,47848
11.4669,14.4829,1.0,0.175,28515,34647
18.9595,5.81207,0.686111,0.305556,32726,42019
53.947,11.5868,1.0,0.547222,20029,27293
18.7728,7.05142,1.0,0.338889,51837,41033
32.8355,21.8595,0.0541667,0.775,15226,38761
33.2466,13.3774,1.0,0.45,40775,16120
64.1802,13.1992,0.5375,0.56875,14315,36690
44.4453,4.5656,0.114583,0.130556,1315,57390
44.131,16.2122,1.0,0.444444,21602,40991
27.2424,4.83748,1.0,0.158333,54469,13553
36.1107,6.84138,0.180556,0.13125,10100,57514
24.4592,14.7141,1.0,0.197222,45327,22928
11.3226,2.85823,0.45625,0.469444,4356,35316
20.1824,14.8336,0.108333,0.855556,42087,6968
35.2651,10.8395,0.241667,0.502778,3917,7679
29.9806,11.5558,0.191667,0.154167,56992,30635
34.7998,18.3668,0.0604167,0.286111,15138,50203
41.4571,15.8419,0.539583,0.244444,49034,8020
37.4202,2.11989,0.777778,0.747222,40789,11824
8.11165,15.5883,0.129167,0.230556,44583,2901
53.1137,12.2265,0.0604167,0.355556,42155,15467
39.5044,16.1622,0.164583,0.469444,27495,33688
45.6501,9.87929,0.494444,0.669444,30159,46547
58.9072,9.02469,0.3375,0.597917,55877,52627
60.3233,18.9274,0.0541667,0.397222,21872,3806
14.1563,16.7466,1.0,0.222222,56770,8115
37.2514,2.65496,1.0,0.0972222,54204,38846
54.8321,10.2069,0.208333,0.225,50903,42986
43.1043,12.6209,0.513889,0.0972222,16526,35554
14.442,19.451,0.375,0.0916667,47641,14342
14.9935,8.63599,0.708333,0.902083,40376,38593
35.2113,12.3602,0.972917,0.310417,10083,45729
21.1876,20.5726,1.0,0.138889,45101,31832
5.12305,17.3324,0.308333,0.305556,16781,53443
24.0713,11.1886,0.838889,0.530556,11317,47145
67.8435,3.04783,1.0,0.144444,15419,40858
10.5617,18.4146,1.0,0.245833,57163,20556
41.5521,15.2564,0.989583,0.297917,51783,9688
31.0905,15.5315,0.309375,0.455556,30877,24655
11.6071,11.7986,0.885417,0.278125,30526,21856
50.1188,13.2361,1.0,0.566667,41942,36885
21.4576,6.04644,0.0854167,0.854167,10115,41879
66.1689,11.901,0.229167,0.163889,19192,32497
23.8162,24.733,0.447917,0.1,49357,23497
19.1177,6.62332,1.0,0.3375,50247,56981
47.1359,14.3896,0.297222,0.303125,45012,7510
13.3753,5.07935,1.0,0.252778,49696,14112
26.1286,20.8754,1.0,0.469444,4485,20185
17.8464,8.78898,0.172917,0.166667,30,43057
32.5188,1.13297,0.44375,0.186111,52842,16555
27.4896,8.48474,1.0,0.202778,2115,40214
35.7599,1.80208,0.364583,0.608333,14421,53378
41.8089,3.47372,0.09375,0.444444,6133,18658
42.7708,3.91353,0.50625,0.283333,14415,57123
22.5073,4.77501,0.108333,0.291667,22892,19286
29.1027,11.6746,0.472222,0.279167,26960,43442
34.6509,18.0451,0.74375,0.330556,19733,26987
40.5789,10.9842,0.466667,0.719444,47987,41192
29.2207,16.906,0.997917,0.297917,23834,40948
51.8653,24.1327,0.20625,0.105556,33853,25400
31.4115,4.75357,0.24375,0.0888889,14707,17077
29.2839,6.38359,0.279167,1.0,42623,11826
51.7717,18.9587,0.725,0.7625,40078,39950
66.1837,7.97547,0.0583333,0.0729167,12996,37645
50.5485,10.7414,0.116667,0.45,47625,26198
32.8502,15.7498,1.0,0.355556,22305,49302
9.31558,10.9388,0.141667,0.25,42189,5694
92.7069,16.2407,0.29375,0.916667,39065,39063
37.6452,15.5559,0.127083,0.0479167,29171,7664
20.2937,12.2255,0.122917,0.720833,2438,26690
7.53947,18.0145,0.463889,0.108333,14106,42610
24.9645,8.95149,0.272222,0.128125,18538,8851
38.2497,11.7577,0.4125,0.258333,5882,35978
45.5438,16.3208,1.0,0.0472222,57265,47497
19.8989,9.95584,0.520833,0.25,3290,38738
28.1377,17.7078,0.179167,0.4,15785,40045
14.3061,1.46595,0.152083,0.561111,30098,5333
66.4374,0.922886,1.0,0.0805556,40207,29926
14.0357,11.6406,0.183333,0.108333,44637,52872
50.258,18.9187,0.120833,0.35,22392,54459
6.4371,8.72622,0.114583,0.180556,55755,50806
70.2677,0.884061,1.0,0.213889,45969,3582
43.7415,12.4024,0.433333,0.391667,43863,25451
4.78248,15.2223,0.25625,0.263889,29369,30205
39.4032,1.37433,0.191667,0.604167,54077,21312
53.5953,13.3591,0.338889,0.1125,49245,47405
23.0809,0.977757,1.0,0.108333,1271,39543
25.6933,5.9979,0.719444,0.4,414,54096
41.8404,17.9795,0.0791667,0.644444,13636,51503
23.8073,12.1318,1.0,0.469444,54206,2005
30.3271,13.0982,1.0,0.55,48177,8954
15.6667,15.4277,0.533333,0.119444,6195,31640
25.5798,4.46868,0.941667,0.352083,14585,12803
45.6386,11.6854,1.0,1.0,13438,32414
36.5784,25.3389,0.1,0.116667,5338,29179
16.7946,6.52547,0.822222,0.997222,52315,41074
15.2605,17.2022,0.0458333,0.40625,18540,18400
51.1691,7.48624,0.0729167,0.813889,42557,29277
6.44608,8.03626,0.689583,0.160417,49386,22172
23.3156,17.7696,0.0854167,0.145833,26168,39639
43.0689,15.2625,0.314583,0.344444,37495,4529
43.991,28.6614,0.475,0.105556,23629,21602
7.4111,7.2756,1.0,0.135417,14619,55910
65.0917,14.6165,0.0854167,0.3,45779,5126
24.7661,19.7735,0.6375,0.263889,12895,40530
33.4765,8.55006,0.355556,0.166667,55330,14794
20.2619,9.62909,0.120833,0.244444,14581,53566
64.482,8.92762,1.0,0.294444,27739,11374
28.858,8.80521,0.497222,0.883333,25452,34728
45.1454,1.44199,0.129167,0.388889,10244,32833
54.8481,12.2542,1.0,0.3625,2470,40515
36.8989,9.93274,0.529167,0.175,10777,10049
24.4972,10.1254,0.535417,0.191667,4788,44658
33.8862,16.2648,0.991667,0.427778,6598,42483
18.9417,11.8235,0.930556,0.658333,42474,35584
12.6913,6.63288,0.975,0.415625,26990,26451
48.0883,8.50053,0.185417,0.477778,52510,56218
33.718,7.10904,0.458333,0.278125,34506,23648
46.9478,5.44133,0.383333,1.0,15113,55819
11.0196,11.9831,0.9875,0.572222,18341,42313
16.8707,10.442,0.427778,0.766667,36907,32219
19.9957,9.91522,0.0479167,0.488889,35042,57134
42.1496,10.4882,0.090625,1.0,31463,51104
13.9969,13.165,1.0,0.269444,34418,41748
48.6634,13.0812,0.120833,0.288889,18338,2084
42.6261,18.2843,0.102083,0.916667,34554,29870
16.6139,13.1734,0.0604167,0.15625,6259,28875
45.4443,17.1688,1.0,0.2875,15340,9391
53.72,8.59793,1.0,0.483333,47322,19316
31.8982,2.99146,1.0,0.354167,43286,25467
7.84072,10.7497,0.308333,0.354167,13944,43937
15.6558,12.4883,0.294444,0.411111,18639,18971
42.7017,2.5499,0.170833,0.34375,5804,50117
20.7593,11.2594,0.455556,0.0833333,7259,31611
28.7303,15.7971,0.929167,0.31875,15398,44710
66.0573,13.9035,0.666667,0.502778,6202,32222
49.7852,11.7716,0.820833,0.377778,48017,19343
17.1201,21.366,0.347917,0.738889,35292,20880
24.2444,14.939,0.2,0.305556,23989,708
37.7381,1.96844,0.329167,0.602778,49457,47999
27.5871,7.7896,0.266667,0.163889,29600,12575
53.0212,10.6965,0.704167,0.816667,32395,15579
31.8138,5.99327,0.152083,0.244444,19041,22060
1.56231,5.50069,0.416667,0.322222,20582,15674
15.5292,5.32992,1.0,0.33125,15557,36979
31.2422,10.6703,0.08125,0.20625,7392,6314
31.8467,31.3855,0.3125,0.41389,26556,12313
36.3518,16.4766,1.0,0.321875,33841,17404
63.7281,3.58774,0.14375,0.272222,2320,10924
61.9729,10.33,0.244444,0.95625,3451,50107
23.8758,17.8334,0.222222,0.633333,42115,2844
22.0936,15.3233,0.829167,0.138889,35687,50186
40.4774,8.62622,0.289583,0.388889,9442,31974
50.2238,3.15256,0.75,0.347222,28705,11038
59.6953,14.3036,0.325,0.18125,783,50906
32.4261,22.4372,0.510417,0.347917,6988,31239
33.131,4.05312,0.308333,0.366667,48306,1569
52.896,10.0933,0.0958333,1.0,5628,1973
45.2071,9.41309,0.280556,0.279167,35752,37428
27.0742,10.9829,0.252083,0.34375,10870,33892
9.90901,1.74491,0.570833,0.495833,20923,57059
47.3768,21.2224,0.441667,0.1,42608,2767
59.3632,14.1095,0.514583,0.760417,41659,56015
59.2931,2.65687,0.0708333,0.491667,14077,28423
11.0483,9.03098,0.409375,0.2,34333,31880
17.0305,3.96706,1.0,0.570833,8432,34236
19.2846,11.7795,0.233333,0.263889,51521,57288
17.3664,9.81245,1.0,0.277778,56740,13787
29.168,5.64415,0.322917,0.54375,5911,32166
50.477,7.93445,0.133333,0.329167,56095,19955
8.34773,15.9406,0.191667,0.339583,49772,18582
35.8927,16.3319,0.2,0.130556,17649,29389
48.7361,10.6915,0.297917,0.244444,34805,19174
29.6028,17.5532,1.0,0.866667,19943,22549
45.163,0.223959,0.947222,0.128125,31359,41320
54.1126,16.0827,0.130556,0.747917,19374,32415
66.3087,2.14097,1.0,0.0638889,14759,19175
62.6812,5.14315,0.647917,0.0777778,31415,14106
23.952,2.06127,1.0,0.25625,54775,54039
27.7254,11.4393,0.535417,0.222222,10616,4251
28.5904,5.66104,0.710417,0.446875,51671,4882
33.591,11.7076,1.0,0.5375,36856,42100
17.8598,14.0281,1.0,0.158333,30942,48391
56.6992,19.5841,1.0,0.191667,44304,50402
28.6699,14.4026,0.3125,0.146875,46625,23880
33.0007,5.10159,0.354167,1.0,46787,44824
11.8336,13.1981,0.158333,0.127083,5528,5983
21.72,16.0934,0.336111,0.422222,4786,25864
19.1188,5.00968,0.822917,0.688889,47504,26046
21.8981,10.3068,0.135417,0.125,19164,5399
25.5735,20.1544,0.536111,0.161111,28118,5061
29.0046,6.03386,0.227083,0.440625,17895,43071
70.5589,12.424,0.21875,0.94375,29876,27498
41.2004,18.4709,1.0,0.272222,27726,50005
48.1944,10.8579,1.0,0.36875,49843,19530
30.6386,3.95358,0.85625,0.430556,11377,44399
19.0408,13.3991,0.286111,0.25625,54610,7528
53.925,6.74039,0.254167,0.0722222,25176,4038
38.1473,12.398,1.0,0.245833,30702,20972
15.785,10.7884,0.383333,0.438889,30569,46372
44.9499,9.24884,0.597917,0.366667,22679,35895
62.17,5.41299,0.827083,0.504167,55557,55566
59.0975,5.60112,0.188889,0.227778,39759,55422
68.8019,9.91228,1.0,0.26875,37447,4258
38.2285,6.77548,0.310417,0.183333,51254,39771
26.6945,14.538,0.94375,0.23125,28823,41211
16.4138,14.7637,0.133333,0.589583,55061,166
38.5655,16.1948,0.16875,0.186111,16170,954
8.67867,8.01145,1.0,0.725,57145,43672
33.3689,6.32124,0.169444,0.452778,19684,7502
40.2665,11.3437,0.120833,0.161111,37756,365
58.9382,8.19634,0.161111,1.0,54516,31757
54.3701,4.90244,0.425,0.302778,9514,36759
13.5898,13.9532,0.3375,0.277778,37249,2583
61.9344,19.3463,1.0,0.255556,40318,35488
37.928,7.61788,0.147917,0.175,49360,9309
4.1397,13.2315,0.658333,0.347222,28650,14845
9.42079,17.9348,0.58125,0.716667,13198,45864
64.9605,12.5706,1.0,0.0972222,55736,55631
33.2507,5.74324,1.0,0.202778,43775,26793
19.7998,4.89516,1.0,0.586111,1753,47213
9.99289,20.4004,0.145833,0.075,43118,27871
6.13132,5.02576,1.0,0.121875,30183,25831
71.1302,6.94025,1.0,0.280556,48459,44373
32.3228,10.5694,0.2,0.366667,23741,6778
29.5305,16.9346,0.741667,0.18125,34253,41997
43.7943,7.22588,1.0,0.263889,55136,45572
23.9558,4.60418,0.158333,0.966667,50123,52061
39.5352,10.2351,0.216667,0.133333,10082,28907
8.82917,14.7491,0.127083,0.514583,47773,27067
39.4035,7.2657,0.420833,0.536111,43435,51799
30.1962,1.911,0.64375,0.60625,57460,37178
29.3624,1.07823,0.870833,0.875,33552,3558
9.84841,2.43987,1.0,0.772222,13074,23399
43.301,16.4214,0.441667,0.11875,20386,16884
39.0515,14.3983,0.214583,0.241667,1657,26119
35.6525,2.20442,0.260417,0.521875,11212,36731
60.7215,18.3634,0.15,0.241667,36363,52623
41.4576,14.1022,0.6,0.766667,27388,31561
19.1883,15.2779,0.208333,0.55,41019,22171
18.6333,8.4457,1.0,0.402778,30707,46509
54.3907,2.81549,0.508333,0.245833,27763,3454
24.8362,10.4457,0.135417,0.319444,52034,1995
6.70428,1.84083,1.0,0.644444,28032,26794
14.9998,13.6385,0.158333,1.0,16693,40901
14.1305,5.9387,0.0791667,1.0,35297,2435
19.9391,4.52226,0.735417,0.161111,24114,47623
33.7886,22.1341,0.795833,0.127083,1865,36490
25.5579,7.70902,0.0958333,0.440625,37959,54242
24.6884,7.4166,1.0,0.572917,6290,46309
25.7586,14.5749,0.0895833,0.497222,4244,24534
60.5132,7.52563,1.0,0.3,54368,19229
53.476,5.0344,0.719444,0.579167,21120,34635
7.97373,1.20935,0.354167,0.266667,17784,22116
67.8386,5.49383,1.0,0.363889,42311,21719
25.393,6.55228,1.0,0.958333,39585,22387
45.0132,1.06428,1.0,0.227778,38291,35328
43.1642,1.34885,0.7875,0.483333,49272,13176
43.2376,11.9071,0.45,0.435417,12917,12955
42.7638,7.3972,0.841667,0.383333,12256,26961
10.0332,0.460689,0.05625,0.163889,30759,40705
74.9362,10.9088,0.175,0.55,29558,48038
86.7813,22.3715,1.0,0.777778,24351,23257
35.8146,3.42663,1.0,0.541667,39450,11390
66.3772,5.3452,1.0,0.666667,18763,21149
67.0193,15.5816,0.472222,0.425,43865,7305
12.9331,5.28875,0.68125,0.119444,55217,35826
42.4876,2.14388,0.147917,0.44375,38470,34615
43.1002,14.7249,0.441667,0.479167,56401,50319
44.28,0.698568,1.0,0.827083,4953,57122
26.093,19.6503,0.1375,1.0,15931,20178
50.8339,21.848,0.295833,0.245833,20115,43906
33.4002,20.1976,1.0,0.652778,13922,21214
58.2713,15.5959,0.2125,0.125,25567,14407
55.2437,10.747,0.0888889,0.294444,25080,31828
57.4141,8.91796,0.59375,0.58125,993,3058
29.9228,4.03596,1.0,0.310417,17827,43356
33.8867,11.2484,1.0,0.227778,3858,4257
36.8941,4.67076,1.0,0.0361111,34007,12380
38.7471,3.97095,0.110417,0.235417,51361,7161
16.8595,10.602,0.1,0.728125,18137,29343
56.1959,6.35187,1.0,0.360417,16161,6643
46.6131,5.21802,0.327778,0.70625,54887,8566
12.7759,12.5686,0.491667,0.0444444,51984,36733
43.7331,14.2396,0.108333,0.0861111,7709,5081
22.4972,6.3879,1.0,0.264583,55608,23730
6.26382,12.4061,0.227778,0.466667,49073,25336
47.4122,13.2665,0.222917,0.422222,694,3133
15.4086,9.90573,0.797917,0.116667,40021,36849
10.1481,4.21465,0.579167,0.834375,5928,48039
18.2878,1.77722,1.0,0.16875,5645,23290
81.4059,8.31759,1.0,0.516667,19156,53844
49.3935,10.3159,1.0,1.0,31355,16675
58.5708,3.01165,0.5,0.678125,10337,18947
9.36898,17.7894,0.645833,0.380556,48457,56331
34.7985,12.7021,0.175,0.3375,51906,40024
16.6737,12.4983,0.952083,0.147917,48992,947
70.2685,6.10344,0.164583,0.463889,33858,13229
35.1281,3.76921,0.158333,0.0611111,53828,39664
50.6483,6.90599,0.260417,0.686111,23690,2913
31.8231,2.23819,1.0,0.96875,36349,50321
17.4996,4.72087,0.35,1.0,51594,4933
38.1884,8.7141,0.878125,0.166667,47446,35522
59.6113,13.1885,0.0770833,0.166667,12276,17814
51.203,17.2984,0.227083,0.0916667,41865,52902
21.1098,7.946,0.554167,0.761111,35411,6391
12.4732,16.1576,0.916667,0.216667,48290,21175
33.8593,7.29959,0.279167,0.877778,35590,46712
21.6007,5.95727,0.488889,0.319444,20120,11305
27.7042,9.25058,0.0625,0.308333,46153,21230
21.6205,6.05227,1.0,0.075,20244,564
44.6587,9.51088,1.0,0.122917,16786,22127
19.6193,7.43581,0.997917,0.25,41335,15917
7.51844,8.19799,0.520833,0.196875,1379,22142
12.8166,3.15533,0.258333,0.794444,1138,2513
35.7017,12.5055,1.0,0.986111,29073,50401
9.38745,7.36505,1.0,0.691667,6077,46846
61.5727,2.80918,1.0,0.472222,10801,8754
62.1235,8.23124,0.235417,0.102778,12575,26760
29.2974,7.16263,0.122917,0.561111,45782,34281
71.8389,9.44935,0.827083,0.0694444,23003,22646
42.795,18.7019,1.0,0.595833,29690,10524
25.6638,18.4421,0.113889,0.144444,48165,46630
5.85832,1.07544,0.233333,0.141667,154,45160
38.1076,15.537,1.0,0.502778,29861,39924
18.619,2.37796,1.0,0.702778,8140,24456
10.4162,14.6922,1.0,0.275,26887,51297
6.56475,8.65963,0.185417,0.330556,49147,7193
6.49674,3.76286,0.452778,0.325,3628,34431
65.653,10.8688,0.122917,0.372222,53372,49606
36.5565,7.85262,0.55,0.569444,55123,24532
67.2242,7.39918,0.880556,0.214583,8351,7535
92.4813,2.68368,1.0,0.677778,47871,35901
48.624,5.32771,0.258333,0.272222,9251,50450
2.98589,11.2891,0.0625,0.0972222,29696,46632
12.4178,16.7334,0.163889,0.219444,44670,15850
17.7457,10.2922,0.319444,0.25556,1405,24351
31.6051,9.85984,1.0,0.311111,42551,1000
58.5628,13.3405,0.4875,0.108333,19146,1920
66.0135,7.57222,0.260417,0.0895833,39888,13926
36.5125,7.50039,0.266667,0.355556,3505,9949
22.3508,3.50247,0.177778,0.327778,18717,48991
31.6071,15.862,1.0,0.736111,15538,56450
40.4341,15.3265,0.25625,0.266667,49274,27955
15.4208,14.9582,0.18125,0.161111,36634,57352
47.4804,16.6145,0.704167,0.364583,37224,26157
51.937,27.4402,0.197222,0.0625,55200,47702
79.9263,14.537,1.0,0.525,35839,8706
51.7529,5.27767,0.23125,0.6,13761,43169
22.5347,1.40956,0.660417,0.169444,52972,14238
56.0448,7.94979,1.0,0.9,37282,6927
35.2587,9.83975,0.158333,0.1125,26124,51954
23.3069,17.1056,0.9375,0.297917,35485,26908
14.5076,10.8419,1.0,0.163889,50133,6662
54.7225,5.89746,0.120833,0.745833,46592,45387
24.597,10.3486,0.627083,0.460417,12714,13384
48.1803,13.2819,0.0583333,0.288889,35547,19549
21.6023,3.39575,0.0666667,0.116667,21919,11119
17.7,2.01752,0.844444,0.764583,51108,29104
5.72232,1.76366,0.358333,0.461111,42348,24055
1.90409,12.9406,0.15,0.075,33596,51262
1.20294,10.0082,1.0,0.220833,41940,52737
19.5487,3.07271,1.0,0.18125,334,45879
21.4413,11.479,0.691667,0.238889,35325,7026
4.72356,15.5818,0.169444,0.411111,35055,24852
36.204,3.7495,0.252778,0.425,55180,30667
54.8494,15.6607,0.486111,0.263889,9955,32268
4.63943,1.88766,1.0,0.238889,28869,5500
27.2276,1.31576,1.0,0.575,2742,42784
16.6001,8.11718,0.508333,1.0,5958,25707
26.2497,13.2837,1.0,0.265625,53881,4655
23.1252,14.7052,0.2,0.447222,53930,39348
31.1581,16.583,0.210417,0.322917,6987,28005
45.7929,0.172613,0.827083,0.425,51069,28009
35.263,16.0602,0.39375,0.0861111,41857,25720
10.0529,8.0309,0.652083,0.44375,57111,42466
64.1702,26.038,1.0,0.872222,32033,28406
33.4691,22.1963,0.30625,0.516667,26910,24031
35.3809,5.12873,0.189583,0.59375,1329,35342
52.5078,2.95482,0.229167,0.635417,56824,6557
12.3676,3.98131,1.0,0.454167,46142,37485
31.344,10.1093,0.425,0.525,49202,43008
1.02751,7.13007,0.0625,0.197917,44327,7592
15.7463,6.75039,0.360417,0.639583,21652,16962
23.3236,13.7115,0.760417,0.586111,13916,5796
48.2326,12.0647,0.366667,0.311111,33216,36936
30.4048,12.7976,0.230556,0.15,45764,41704
38.4362,13.511,0.875,0.234375,37334,7926
37.2413,10.9754,0.539583,0.422222,7053,55906
21.41,14.7883,1.0,0.254167,18634,6518
60.0456,14.1699,1.0,0.136111,29428,7766
19.1072,2.99709,0.288889,0.208333,15638,16378
73.6635,10.9977,0.366667,0.311111,55189,13761
19.9241,6.32001,1.0,0.147917,50144,13232
18.4828,7.67116,0.483333,0.802083,41303,17795
37.7592,15.1784,1.0,0.105556,13321,55946
43.6764,6.2075,0.854167,0.0972222,888,56613
49.6489,18.1813,0.320833,0.875,19979,16514
51.36,9.9274,0.99375,0.128125,46510,15814
42.2634,3.70581,0.7,0.486111,4293,5943
30.1729,1.60522,0.5625,0.544444,35560,57049
73.989,8.18672,0.313889,0.221875,31073,35040
1.60486,5.31431,1.0,0.161111,27316,54213
39.362,3.90098,0.111111,0.666667,4417,37424
31.4182,9.02407,0.0895833,0.214583,27712,19402
34.4147,5.89702,0.139583,0.211111,31441,8458
67.5983,15.5528,0.366667,0.652778,38889,50423
44.0009,4.43653,0.40625,0.680556,7853,54659
35.2312,2.97044,0.244444,0.527778,9894,51426
44.4139,4.19537,0.166667,0.541667,52051,32635
23.6764,12.638,0.0958333,0.158333,55683,36312
14.3014,12.3964,1.0,0.277778,18755,36580
52.4451,8.67807,0.4875,0.661111,16367,12656
13.3189,10.6982,0.597222,0.233333,32617,33064
5.33963,8.31424,0.222917,0.69375,53201,32607
60.7578,10.0332,1.0,0.416667,17005,19029
10.2029,16.0151,0.114583,0.297222,2431,40122
56.5885,2.78645,0.197917,0.210417,17975,27860
48.5246,7.46837,0.514583,0.302778,28112,49350
53.5754,11.1727,0.745833,0.286111,38206,37278
35.543,4.43331,0.0479167,0.472222,12787,23775
40.6833,6.95443,1.0,0.636111,34134,15211
45.6143,17.6333,0.0895833,0.366667,32991,3537
14.9092,5.98327,0.134375,0.363889,316,3698
54.4709,6.06697,0.0270833,0.344444,53658,54570
3.42184,4.75558,0.28125,0.177778,15148,35155
71.3355,16.8641,0.141667,0.380556,11831,56669
6.74735,5.546,0.789583,0.8,17830,27076
54.4951,16.6099,1.0,0.2,16313,41189
12.7805,16.75,1.0,0.188889,11399,37779
39.9017,6.20949,0.475,0.835417,55641,30177
34.7743,17.3605,0.147917,0.484375,46892,29553
27.2581,15.0539,1.0,0.60625,46660,44496
59.5944,2.5812,0.475,0.333333,31523,16436
9.5173,5.53808,0.435417,0.310417,21989,45816
70.8516,10.3596,0.546875,0.252778,23559,46385
27.7944,12.3309,1.0,0.477778,1668,22443
0.2635,17.8498,0.152083,0.0972222,51829,8097
47.2314,14.0456,0.70625,0.1875,41908,9239
34.8032,5.32987,0.614583,1.0,45950,29648
1.91879,4.94754,0.0708333,1.0,15852,56520
77.5179,9.15582,1.0,0.277778,8925,5350
25.6519,27.5983,1.0,0.3375,14693,8520
20.92,12.9927,1.0,0.622222,42706,37835
19.1637,9.70234,0.0291667,1.0,13381,2427
71.2196,4.33169,1.0,0.2,31871,36117
48.5505,5.90272,0.441667,0.872222,11413,7128
24.57,7.35986,0.233333,0.311111,50352,19920
61.7428,13.0666,0.852083,0.647222,42232,34301
28.7285,16.7363,0.536111,0.522222,36756,27525
30.7776,14.7661,1.0,0.3625,24890,16260
20.1364,2.85095,0.104167,0.096875,53156,2141
50.0148,5.89938,1.0,0.1625,38092,7033
61.1394,3.39936,1.0,0.205556,12589,42307
63.2671,7.34987,0.141667,0.81875,50243,31898
16.6001,13.352,0.133333,0.539583,43471,1038
4.98137,8.96127,0.2125,0.8375,5501,6791
29.9768,7.81904,0.89375,0.321875,4586,41376
26.0706,7.70203,1.0,0.586111,52699,25260
72.15,10.9397,0.427083,0.280556,49388,10317
5.13581,16.5939,0.239583,0.38125,50122,22226
34.5483,2.19937,0.286111,0.591667,46593,42826
67.0692,9.7586,0.188889,0.1375,9533,21412
24.2075,6.84476,0.225,0.177778,812,30120
21.8389,13.729,0.995833,0.55,47712,11776
27.1069,1.7346,0.575,0.663889,13875,10165
15.3904,14.9513,1.0,0.336111,30538,26086
47.7241,13.6704,0.0708333,0.446875,11842,25641
23.0394,2.32355,0.0472222,1.0,26645,3499
13.9418,12.77,0.197222,0.610417,53362,42716
64.0505,16.664,0.811111,0.202778,42562,48453
62.5056,14.202,0.380556,0.763889,41655,17037
22.4741,15.7737,0.78125,0.39375,10402,41173
20.5929,8.74226,0.135417,0.283333,42201,35020
9.3341,22.7772,0.0291667,0.763889,43028,516
5.54906,11.6976,0.49375,0.347917,26307,55966
32.2103,17.9658,1.0,0.6125,1235,16301
19.9394,16.6837,0.185417,0.411111,26808,20353
68.0889,7.38014,0.408333,0.297222,53048,29113
27.1519,17.9785,0.202083,0.338889,25108,21038
73.8216,8.97662,0.102083,0.180556,2734,39866
58.3964,13.5386,0.28125,0.40625,20651,24836
53.4967,5.30587,0.841667,0.34375,21461,53780
35.3534,6.87138,0.202083,0.366667,40993,27839
48.9064,10.2571,0.661111,0.536111,44959,42382
45.2186,6.83642,1.0,0.564583,56638,4967
59.7524,15.5804,1.0,0.619444,20424,41456
43.2498,9.97911,0.102083,0.422222,16806,917
50.9399,11.0197,0.470833,0.308333,35768,28381
24.2747,10.0764,0.1,0.444444,12320,16715
12.1425,17.257,1.0,0.325,33998,19428
58.2936,20.9122,0.922917,0.108333,31301,55568
49.3138,6.93153,0.745833,0.3375,22170,21609
24.4392,7.31822,0.304167,1.0,20581,46512
49.4061,15.6947,0.683333,0.303125,2841,51541
12.9002,8.71445,0.345833,0.396875,21309,26595
21.1472,8.06822,0.977778,0.236111,34741,3543
35.4875,11.0013,0.338889,0.35,6060,37150
56.9716,1.79447,1.0,0.444444,42351,14236
63.7617,13.9618,1.0,0.30625,48085,1985
33.4468,25.0607,0.663889,0.291667,4931,15266
15.4856,8.46084,1.0,0.525,55865,44734
43.016,10.893,1.0,0.209375,48214,8478
46.8754,8.43583,1.0,0.0972222,22897,35099
25.3251,4.42322,0.55,0.411111,35015,18356
14.3187,2.84823,0.513889,0.336111,44124,16250
42.8125,13.5013,0.439583,0.7,7050,16988
56.9179,4.24761,0.56875,0.444444,17679,38930
29.7675,10.6652,0.152778,0.45,19706,38598
9.1137,3.0092,0.166667,0.402778,55278,44931
63.432,12.6842,0.627778,0.689583,3471,15419
5.84726,16.8152,0.422917,1.0,51796,23693
73.5053,24.5217,0.15625,0.380556,31744,1724
26.0897,5.40301,0.361111,0.513889,13420,38445
59.4354,18.3316,0.359375,0.7625,2902,21081
36.2651,2.16632,0.502083,0.597222,6613,18629
27.7373,4.26203,0.866667,0.325,43301,27878
42.8259,11.5724,0.48125,0.233333,29688,16127
69.2046,9.8445,0.14375,0.364583,16585,21510
27.6708,16.4063,0.56875,0.227778,1835,2353
11.6639,2.8978,0.105556,0.327778,5902,2557
59.3848,14.9988,0.380556,0.3,12080,46341
25.8024,20.2539,0.902083,0.236111,7735,38681
34.7632,6.73056,0.822222,0.502778,2779,29467
26.1985,7.05916,1.0,0.602083,33056,46152
26.7527,16.8976,1.0,0.0791667,47610,30391
37.3954,12.6693,1.0,0.38125,31761,24677
33.5401,16.9285,0.122917,0.8375,22927,10086
53.0493,2.9505,1.0,0.258333,1982,8915
26.7949,19.3042,1.0,0.5125,7529,3989
5.66288,1.18713,0.577083,0.0520833,29,10490
58.1003,14.0085,0.21875,0.561111,33058,31540
23.7302,15.3673,0.991667,0.258333,34913,36337
42.4512,13.3458,0.88125,0.336111,56172,12072
34.1264,17.9058,0.822222,0.402778,43796,47107
65.9544,7.88046,0.76875,0.247222,39905,53981
22.2356,2.6731,0.10625,0.315625,2704,37314
41.3452,7.79069,0.15625,0.295833,30512,26005
41.9107,7.66325,1.0,0.577778,42506,47169
13.0575,20.0687,0.169444,0.272917,11990,11641
10.0796,14.017,0.0583333,0.359375,1299,12406
23.2631,5.26262,0.0854167,0.466667,17853,13621
2.43879,5.08454,0.110417,0.0958333,45287,11072
55.079,9.89811,0.20625,0.522222,54831,17475
16.2848,16.3445,0.161111,0.225,7231,11698
12.4103,5.37921,0.294444,0.341667,48404,48654
8.41879,2.05685,1.0,0.575,25644,23577
35.209,4.20257,0.852083,0.391667,6387,50845
19.8393,20.9693,0.672917,0.491667,27740,56022
41.0298,8.268,1.0,0.0611111,23807,53098
56.397,6.16855,0.735417,0.136111,1970,4116
3.6672,21.2613,0.133333,0.430556,36182,7391
52.4461,16.7894,0.179167,0.122222,6952,18117
38.0634,1.67373,0.905556,0.24375,29274,31981
56.701,5.37638,0.333333,0.308333,2311,9674
53.8366,5.33682,0.352778,0.7875,1867,9446
53.84,7.52725,0.327083,0.641667,32203,3757
46.7437,0.873383,0.245833,0.280556,37105,5222
1.03773,12.9009,0.0875,0.7875,2225,33043
18.7775,16.2008,0.213889,0.364583,21276,26032
7.29683,7.47549,0.894444,0.841667,42822,4196
54.871,8.99769,0.986111,0.45,27327,19563
48.7313,3.50354,1.0,0.0854167,37782,12267
31.2226,10.3228,0.88125,0.808333,41493,49579
30.5064,15.7958,0.720833,0.252083,10032,14548
47.8648,12.9549,0.0479167,0.271875,28637,32665
41.367,7.89516,1.0,0.280556,48842,48153
53.4671,4.33163,0.802778,0.35,39056,56102
31.8309,16.3121,0.475,0.275,18942,48362
63.286,6.9966,0.0666667,0.444444,28163,11371
34.2539,5.18196,1.0,0.15,28905,7201
33.9614,12.728,0.191667,0.379167,23118,8898
20.6084,1.77426,1.0,0.161111,21732,27071
13.5878,13.5395,0.402083,0.310417,50925,17060
14.0784,20.2849,0.264583,0.291667,45160,10098
17.2762,8.60615,0.288889,0.4875,53256,23119
25.4424,19.228,0.1,0.452778,48184,48170
26.4618,3.83922,0.541667,0.566667,3145,57277
54.461,13.5146,0.120833,0.075,22027,3213
32.7406,14.8832,0.0979167,0.255556,20014,53326
49.1102,4.97038,0.1125,0.302083,55182,27618
33.9995,7.97653,0.566667,0.379167,9941,55665
30.6185,2.06937,0.110417,0.316667,49977,17856
18.4146,9.72075,0.311111,0.0777778,50573,28792
28.7515,9.26573,1.0,0.761111,2189,6551
30.2648,3.23985,0.172917,0.522222,53252,20769
62.7559,20.6056,0.308333,0.0833333,6717,4694
43.6363,12.3203,1.0,0.597222,14522,48534
53.5753,2.83693,0.179167,0.161111,39985,8900
60.1804,2.47351,0.15,0.714583,48962,10054
43.1372,16.946,0.10625,0.610417,28997,3167
13.7515,7.099,1.0,0.15,44832,1434
16.2508,19.2539,0.683333,0.386111,32480,57035
24.019,12.9567,0.91875,0.216667,48024,40268
74.8114,7.59685,1.0,0.660417,14087,16505
49.4097,10.1863,1.0,0.177778,30979,49783
19.9468,19.0946,1.0,0.172222,55991,27382
48.6474,5.83843,0.15625,0.883333,53796,20465
42.7564,2.57285,1.0,0.289583,25698,42873
10.6186,17.7422,0.05,0.05,4220,22527
19.0108,15.4379,0.264583,0.197222,13771,12285
20.2017,5.10627,0.261111,0.577778,10854,49539
1.94131,11.2482,0.0979167,0.641667,25775,56242
31.2864,8.51461,0.70625,0.194444,46045,45316
38.3422,19.0308,1.0,0.225,47175,33726
8.15844,19.1232,0.44375,0.7,32062,16445
68.3648,14.1929,0.0708333,0.136111,6223,17192
52.1825,1.36529,0.0444444,0.469444,35928,10416
45.4361,9.13332,0.664583,0.0770833,32483,293
64.9581,15.3478,0.25,0.813889,4897,44745
14.2129,14.3075,0.358333,0.361111,33192,5625
28.3514,16.0823,0.227083,0.330556,1529,21767
59.2356,7.36102,1.0,0.295833,2361,49767
16.9098,19.8807,0.597222,0.241667,55795,39903
47.7268,7.64163,0.0729167,0.1625,20934,39988
39.0002,12.0233,0.291667,0.435417,29664,37636
11.0184,9.61417,0.897917,0.0944444,52539,32446
38.7858,13.086,0.24375,0.452778,32265,14204
13.1506,12.6257,0.970833,0.347222,27861,18245
48.0117,3.74306,1.0,0.225,28955,12155
21.3983,7.23074,0.138889,0.50625,18343,2595
16.2421,6.33649,0.914583,0.125,11052,53090
26.2438,18.4163,1.0,0.3,36493,40719
27.4135,20.87,0.497917,0.154167,29431,8017
44.952,12.6052,1.0,0.102778,33363,35423
12.5556,12.8507,0.838889,0.188889,35286,49749
45.8728,17.4595,0.745833,0.530556,23865,42422
38.4732,13.7156,0.25625,0.430556,48900,8004
7.7055,11.9604,1.0,0.272222,2047,52762
37.9792,14.4996,0.129167,0.136111,12640,34467
60.0364,2.32005,0.260417,0.566667,9075,19721
62.8865,13.7344,0.154167,0.0777778,21523,21022
25.246,16.3753,0.554167,0.739583,10015,30341
53.5036,1.95321,0.61875,0.986111,24514,32068
35.3542,2.33143,0.18125,0.678125,24624,41234
21.6607,5.00519,0.264583,0.138889,17036,55686
10.7964,4.86407,0.897917,0.245833,54145,51335
30.3794,2.48334,0.225,0.4375,33347,29337
12.6287,5.05007,1.0,0.763889,33297,55236
37.6653,0.453471,0.49375,0.310417,31573,29565
66.5713,14.7564,0.7,0.419444,21790,42224
56.156,5.33235,1.0,0.422917,45605,26354
69.3543,7.18818,0.521875,0.83125,28968,47611
37.1328,3.66876,0.794444,0.240625,18901,52128
29.1155,6.24092,0.297917,0.222222,21025,32823
13.0669,8.5042,0.191667,0.0888889,46196,38391
45.3477,14.7377,0.552778,0.110417,39478,45158
19.2787,12.6493,0.075,0.247917,9178,16145
34.9801,12.7499,0.116667,0.141667,42546,51501
69.5215,15.1134,0.272917,0.488889,37617,53322
19.1195,18.1371,0.85,0.558333,18993,12044
43.7292,8.63562,1.0,0.075,3138,55344
47.2316,21.7341,0.480556,0.302083,28395,32663
31.6056,14.1599,0.429167,0.145833,26909,34237
38.7348,18.395,0.0583333,0.166667,45085,10872
2.56524,6.44026,0.955556,0.408333,27783,31886
10.3766,14.6412,0.625,0.677083,25218,37781
49.0654,18.2152,1.0,0.227778,53054,48086
11.1887,13.0207,0.333333,0.172222,37796,42204
27.1145,1.81604,0.141667,0.0944444,41609,19703
6.97712,8.83154,0.0958333,0.497917,6141,18979
66.5304,13.6477,0.1875,0.752778,46712,19996
18.1097,19.5126,1.0,0.863889,5261,20623
30.064,16.7683,1.0,0.183333,4396,52720
7.20503,3.34282,0.75625,0.415625,17174,35820
40.382,13.1572,0.76875,0.302778,17617,46457
6.25341,16.4428,0.563889,0.358333,44160,35194
21.6648,10.0025,1.0,0.570833,53621,16001
30.8502,6.64585,1.0,0.222222,1503,867
16.8077,6.13592,0.05,0.169444,44864,32511
23.9216,9.10398,1.0,0.277778,24382,35673
13.1913,9.94491,0.2125,0.5375,50445,20796
48.5007,13.0001,0.0666667,0.0805556,13874,23868
30.2829,11.4894,1.0,1.0,36692,40017
35.75,6.70666,0.261111,0.266667,19368,34801
34.0142,7.59699,0.733333,0.0805556,2062,44100
48.5795,19.9192,0.854167,0.469444,36335,44849
34.1665,2.94082,1.0,0.316667,30640,19092
25.9994,16.5813,0.994444,0.153125,39420,7694
15.6009,9.78098,0.2875,0.647222,16743,16839
49.4976,4.09769,0.0854167,0.41875,45667,3183
25.55,7.06757,0.402083,0.833333,45005,26910
53.7766,5.94836,1.0,0.861111,48559,54226
65.9978,13.0151,0.385417,0.5875,46420,34962
49.9315,0.559158,1.0,0.463889,56500,54872
48.9997,3.38991,0.205556,0.480556,40934,35756
14.4016,10.2731,0.327083,0.219444,23922,10276
46.268,4.77015,1.0,0.591667,20882,31973
41.1105,1.59914,1.0,0.0395833,56119,54314
40.3299,5.83937,1.0,0.603125,33719,15275
28.6728,19.7815,0.636111,0.419444,2739,4495
26.4828,4.92274,0.7,0.308333,9813,45766
39.3428,9.57578,0.858333,0.591667,12168,17318
35.9199,13.255,0.0708333,0.283333,24889,45241
52.4305,8.31709,0.127778,0.2125,29864,17213
25.7534,2.25814,0.75625,0.222222,36050,27528
84.2345,7.64472,0.29375,0.230556,21338,53056
57.3351,6.85454,1.0,0.489583,41309,7570
12.6983,0.930742,1.0,0.325,56594,26975
61.8838,6.09901,1.0,0.31875,27420,5290
30.991,5.36318,1.0,1.0,990,31206
45.4317,14.1418,1.0,0.461111,30123,7612
16.1113,5.6097,1.0,0.522222,11665,2000
37.0815,11.0586,0.852083,0.291667,10764,57435
39.0977,11.7077,0.075,0.355556,2025,23754
74.5593,19.5833,1.0,0.2,9328,13041
3.0257,2.34752,0.185417,0.535417,7220,34737
36.5734,10.2809,0.814583,0.0638889,39167,12538
72.1419,3.46537,0.394444,0.559375,16176,52661
39.4372,15.1254,0.8625,0.279167,14595,57142
24.3998,18.3751,1.0,0.552778,43150,33821
21.1005,13.2619,0.708333,0.277778,25383,45961
41.1233,14.5473,0.269444,0.283333,42776,27821
52.3834,19.3692,0.279167,0.26875,6343,18993
36.4418,12.718,0.395833,0.452778,27226,19173
77.7501,27.3909,0.966667,0.761111,12899,4792
7.4237,18.9363,0.45,0.322222,44956,24563
71.6844,8.00958,1.0,0.503125,23474,14452
39.7136,1.98066,0.925,0.219444,6363,56320
6.72227,9.20435,0.922917,1.0,40178,35983
75.6427,9.88466,1.0,0.614583,25182,49475
73.6528,3.73896,0.0645833,0.361111,32396,10360
24.272,14.7748,0.258333,0.333333,853,23018
52.2693,18.426,0.135417,0.16875,30008,48799
40.7924,11.0929,0.6,0.275,31848,22625
5.72584,8.15079,1.0,0.183333,57358,15093
36.9156,10.9873,0.21875,0.45,33012,34536
10.2624,7.60666,1.0,0.391667,23549,50475
27.8132,15.7044,0.2125,0.320833,55601,45011
16.0614,7.7759,0.5875,0.586111,22559,52752
58.9973,15.8918,0.136111,0.352778,31539,42143
59.161,6.43103,0.76875,0.303125,56517,14712
57.8692,17.2,1.0,0.765625,3625,30163
45.2691,0.173171,0.23125,0.430556,16581,34465
28.8054,2.89934,0.20625,0.275,32845,29840
65.8674,6.06638,0.954167,0.0916667,6605,47709
27.4615,19.4711,1.0,0.154167,35335,20484
27.3329,18.051,0.19375,0.327778,9225,50225
52.0268,10.2804,1.0,0.740625,14651,13557
35.0738,16.786,0.202083,0.647917,26520,7244
18.3537,8.21426,0.3,0.377778,17520,42951
9.69178,3.95703,0.425,0.202778,13734,33048
19.5337,5.6007,0.0375,0.133333,17365,20325
28.8864,1.93124,0.3375,0.0979167,23066,40431
28.2995,18.9278,0.564583,0.0805556,16512,4199
2.32205,16.0816,0.625,0.283333,1003,32491
48.9873,13.317,0.636111,0.633333,48349,57398
11.8619,16.0159,0.436111,0.1125,21162,2112
20.6007,12.9912,0.71875,0.0861111,42549,9939
71.169,12.2284,0.0979167,0.179167,33692,24406
6.31872,14.4182,0.55625,0.461111,42787,26867
11.7275,21.3895,0.0479167,0.413889,54176,35754
32.191,7.14312,0.416667,0.758333,51600,57023
43.0183,16.2968,0.329167,0.502083,26243,40521
10.018,11.6643,0.158333,0.566667,11616,33898
7.53119,17.8095,1.0,0.436111,47918,49435
10.102,3.08507,1.0,0.677778,44420,1642
44.2569,5.5937,0.21875,0.294444,21937,41049
18.5117,5.93924,0.475,1.0,39641,37039
54.0167,3.94259,0.338889,0.33125,5964,16934
8.66856,7.26448,0.647222,0.429167,46161,42933
42.5787,18.7856,1.0,0.108333,37625,42678
61.324,7.9007,1.0,0.230556,49589,36328
23.8767,14.5424,0.272917,0.36875,21002,51679
17.9717,2.20174,1.0,0.275,7450,2655
49.1281,15.5967,0.5625,0.0916667,32362,31597
31.7564,9.17323,0.154167,0.7125,46462,15806
23.7648,11.0176,0.0833333,0.741667,15311,10636
46.2619,6.99082,0.0791667,0.366667,53081,35415
4.6894,13.2843,0.185417,0.738889,3072,26000
45.0986,11.3291,0.20625,0.163889,5611,329
33.8499,8.98046,0.433333,0.180556,52625,33412
51.7656,7.0068,0.825,0.313889,24345,54785
24.4487,13.1525,0.875,0.630556,53778,12688
56.5814,7.30145,1.0,0.258333,11885,48089
0.888436,18.8485,0.102083,0.386111,7614,16807
24.5203,12.6242,0.06875,0.108333,29181,17609
33.7471,9.17086,0.114583,0.183333,17110,56164
52.3729,12.3538,0.988889,0.155556,50005,4586
52.8372,4.54037,0.804167,0.469444,1467,50491
52.7397,9.71001,1.0,0.170833,11124,22320
43.4253,2.12852,0.50625,0.0416667,34170,53122
60.0709,7.4895,1.0,0.3625,15008,44900
68.9691,16.9213,0.24375,0.4875,2559,2302
19.0956,17.2831,0.310417,0.883333,37801,45494
61.2934,10.8338,0.20625,0.311111,11478,39872
40.3837,4.69246,0.172917,0.680556,36812,28714
9.15765,4.0365,0.164583,0.891667,40052,36419
17.1342,10.0213,0.147222,0.638889,40100,44296
28.2719,9.45697,0.761111,0.4625,46296,38591
48.2206,5.49617,0.158333,0.852083,51845,5274
38.929,9.00949,0.28125,0.1,19393,40288
24.746,16.6158,1.0,0.522222,31703,29652
46.2844,12.5478,1.0,1.0,25888,37840
14.4298,1.53179,1.0,0.309375,38607,16710
35.5451,16.1619,0.0791667,0.197917,38746,44635
33.3505,5.90294,0.1375,0.263889,41603,53957
28.3078,21.1644,0.89375,0.480556,46268,36808
74.9462,3.28752,0.602778,0.491667,44436,40055
41.3294,9.10153,0.227083,0.459375,4297,46086
27.1895,16.3076,0.313889,0.325,48512,22000
39.5478,14.7357,1.0,0.952083,30063,44522
55.3803,3.63226,1.0,0.430556,6089,45156
11.8622,12.7457,1.0,0.475,39178,10301
44.2712,15.559,0.139583,0.25625,14497,13436
27.3746,13.8801,0.75625,0.185417,41823,17674
5.61695,21.7123,0.0833333,0.133333,30332,50872
29.985,16.3699,0.655556,0.266667,24578,37370
73.109,3.64573,0.716667,0.1375,48033,28654
25.5506,7.02196,0.297222,0.647222,31120,32990
37.0823,2.63266,0.141667,0.240625,52338,16200
26.0819,9.09302,0.0541667,0.0611111,48650,3227
31.8492,7.17473,1.0,0.652778,43339,24235
37.1044,2.95652,0.594444,0.752778,5692,42945
45.2814,16.537,1.0,0.169444,57502,44010
23.3817,7.10898,0.591667,0.229167,37465,26860
23.4752,14.9612,0.638889,0.263889,32598,1654
7.29105,2.84422,0.160417,0.283333,6055,53465
18.4205,19.2319,0.0833333,0.694444,11116,12862
76.2498,5.36205,0.827083,0.130556,14943,14253
33.4979,26.0447,1.0,0.502778,48115,34009
7.11152,15.5828,0.80625,0.555556,17645,5934
7.41592,12.771,0.191667,0.525,36196,7715
40.8633,8.10877,0.583333,0.236111,47250,40640
34.785,10.0516,1.0,0.638889,32535,34851
36.0592,14.9945,1.0,0.490625,46659,1275
37.2737,11.9323,1.0,0.554167,18497,32630
58.2822,15.7974,0.814583,0.177778,9472,40437
24.5785,15.7304,1.0,0.33125,34092,24946
8.52443,8.98409,0.183333,0.711111,48342,6087
12.4109,7.56937,0.1,0.702778,33925,45679
45.832,16.462,0.35,0.127083,1752,39912
29.3747,12.4493,0.564583,0.161111,47204,12517
14.5695,0.599893,0.0604167,0.425,7010,53456
55.0871,16.2123,0.8875,0.252778,6568,20120
36.6341,4.64661,0.577778,0.341667,52545,56237
57.7026,7.49076,1.0,0.355556,15687,46922
44.1315,7.02824,0.4,0.564583,45307,31182
23.8112,10.7179,0.585417,0.327778,56970,1979
8.33301,12.8268,0.816667,0.725,38874,51192
8.23222,21.1895,0.225,0.391667,4047,46634
17.7817,11.6734,0.160417,0.241667,57221,18292
58.8149,5.49094,1.0,0.3,2686,33396
69.8416,8.42849,0.1875,0.627083,5508,48064
17.9718,10.9287,0.09375,0.177778,3689,29867
40.2709,16.5465,0.258333,0.819444,37874,23892
61.3646,17.3689,0.152778,0.263889,15224,24332
39.6797,4.4539,0.252083,0.16875,26510,49628
39.2702,2.60192,1.0,0.0888889,54276,6567
12.6848,0.735697,0.0729167,0.125,1755,4621
20.6751,16.8772,0.125,0.364583,23392,32599
15.1317,2.56107,0.547917,0.786111,23421,27180
34.072,8.73324,0.285417,0.6,46900,35263
47.2752,8.2836,1.0,0.547917,23850,9461
64.7339,13.7229,0.539583,0.0805556,56934,48735
59.0632,15.113,0.191667,0.75,14000,15507
27.4631,1.78462,0.1125,0.430556,36022,43749
6.2143,2.62423,0.585417,0.0833333,9790,52195
21.37,4.03715,0.2375,0.360417,1763,18033
7.56922,11.0532,0.147917,0.391667,51357,25059
29.3879,12.5635,0.355556,0.113889,2541,10121
51.749,16.0799,1.0,0.111111,16699,11502
19.8154,9.21489,0.111111,0.7125,969,16756
28.6784,9.0586,1.0,0.352083,21658,56807
24.2643,4.02439,0.204167,0.683333,36938,48606
25.7695,6.1314,0.0708333,0.183333,3350,41081
40.2226,3.7752,0.1,0.913889,38935,36721
46.3467,6.82325,0.391667,0.102778,45670,49974
7.07259,17.1577,1.0,0.758333,24324,29285
52.504,10.6625,1.0,0.769444,21411,34195
18.9868,3.3776,0.191667,0.380556,5472,9311
39.0322,2.47693,0.141667,0.641667,26050,30290
36.4129,11.2722,0.419444,0.141667,36152,38800
11.8275,2.43874,0.275,0.0888889,49088,44029
39.8759,25.4328,1.0,0.588889,46602,50006
13.1083,14.0082,1.0,0.238889,23356,47826
9.56272,9.63587,1.0,0.136111,4622,1991
65.2588,6.46404,0.583333,0.569444,56234,8123
17.4015,16.2342,1.0,0.202083,49708,6404
17.9668,15.2682,0.416667,0.272222,31630,14544
34.9054,22.465,0.127083,0.136111,11935,29671
10.7904,4.14346,0.495833,0.6,27194,53458
42.1356,13.4342,0.963889,0.55,31143,15937
50.1325,22.3146,0.333333,0.204167,26679,55399
50.1105,7.57004,0.491667,0.497222,4948,49958
79.788,1.70347,0.504167,0.396875,47099,20508
68.1569,4.83172,0.404167,0.266667,46461,45120
42.6063,3.75419,0.502778,0.480556,49569,44304
8.49223,18.6931,1.0,0.0625,24135,3351
10.6103,4.42833,0.214583,0.225,14379,18253
62.7503,9.78485,1.0,0.408333,44954,54363
52.5291,5.7961,0.15,0.341667,27575,42980
53.8894,2.89529,0.15,0.15,43484,53731
46.6101,12.1307,1.0,0.308333,23811,35976
4.43744,6.61162,0.0583333,0.15,25389,57113
6.78253,5.94523,0.495833,0.130556,56938,9890
82.8974,4.08567,0.464583,0.641667,29090,48401
27.6754,2.05369,0.189583,0.0833333,57035,11975
54.5116,11.9256,0.255556,0.0972222,48307,45225
70.597,7.40195,0.13125,0.119444,4886,56514
34.5726,18.7072,0.0958333,0.125,8583,43371
7.72974,11.6774,0.0729167,0.0916667,22670,53675
6.94241,16.3873,0.3,0.133333,25247,47069
53.307,13.1592,0.1875,0.213889,44204,6462
29.3638,2.54734,1.0,0.144444,47669,13216
23.6975,1.06161,0.320833,0.108333,51211,6492
79.1182,18.7045,0.327778,0.411111,21975,35134
27.4245,13.542,0.411111,0.569444,50179,2144
25.6776,9.54653,0.205556,0.133333,21399,43173
19.7293,0.813676,0.110417,0.154167,8245,38207
8.89534,7.75471,1.0,0.816667,55288,51871
38.7593,13.2094,1.0,0.425,29500,47837
35.2089,11.0103,1.0,0.705556,21369,28205
56.6624,11.6964,0.5125,0.69375,26725,30100
29.888,1.69507,0.358333,0.125,42514,16831
83.3853,13.6096,0.15,0.610417,39513,3032
68.3067,12.1875,1.0,0.986111,45124,35511
63.5438,8.69438,0.316667,0.254167,29898,17514
5.70599,13.4784,0.102083,0.663889,27973,25935
47.4619,5.89591,0.152083,0.297222,45498,41395
42.4542,6.62163,0.554167,0.886111,55871,24590
46.4142,11.589,1.0,0.529167,46237,19001
54.891,11.2223,1.0,0.210417,48897,34694
27.3354,9.09348,0.645833,1.0,54331,17952
8.59913,12.6443,0.622917,0.33125,6607,53311
61.8571,7.34118,0.305556,0.341667,8197,49321
17.6229,8.16349,0.05625,0.291667,42242,38606
12.6655,9.48674,0.0354167,0.180556,31362,40887
61.8545,7.26473,0.104167,0.10625,16488,28642
60.7655,13.0498,1.0,1.0,20644,51774
16.5189,9.15313,0.241667,0.644444,49029,54834
53.1492,8.10748,1.0,0.45625,25124,17552
43.4491,11.0814,1.0,0.383333,7551,26748
40.7931,9.87163,0.589583,0.463889,15377,28844
33.0936,7.18555,1.0,0.286111,10843,11832
23.427,18.3636,0.491667,0.269444,41813,20256
37.2595,7.22345,0.886111,1.0,36070,43881
44.151,18.6274,0.208333,0.0708333,48854,28123
14.2401,8.61363,0.158333,0.144444,6453,17574
72.4414,6.17058,1.0,0.288889,30310,25115
88.2857,1.00733,0.870833,0.279167,20782,34121
24.0623,16.0006,0.283333,0.716667,36373,50876
60.5337,15.0719,0.644444,0.802778,29830,24429
59.8823,17.4202,0.45,0.652778,36423,33192
8.91231,3.10792,1.0,0.441667,164,16724
51.3889,12.2632,1.0,0.527778,34978,850
10.7342,8.80635,0.997917,0.554167,51929,49280
6.97229,9.1076,0.152083,0.408333,5623,25966
7.72944,0.762289,1.0,0.104167,9392,37086
53.0231,6.92428,0.8125,0.183333,24701,16887
46.1465,22.5302,0.545833,0.622222,51387,20930
36.7884,3.46135,0.610417,0.391667,52054,53482
11.7553,7.21815,0.272917,0.436111,46610,53624
36.8204,17.3552,1.0,0.277778,39775,35112
35.5711,15.6029,0.997222,0.210417,57176,8830
34.0537,9.06413,0.25,0.325,25686,27653
61.6967,17.2004,0.966667,0.719444,22787,54230
67.5889,15.6494,1.0,0.2,45223,15341
18.6509,1.03559,0.1875,0.0604167,43047,55039
35.1603,18.8512,1.0,0.1625,18959,4030
8.61518,15.1742,0.727778,0.616667,23185,22845
21.3038,9.32774,1.0,0.316667,43892,36023
12.0223,11.2342,0.0625,0.230556,56829,57504
27.3322,17.8768,0.172222,0.852778,44159,4893
53.6386,2.09264,0.679167,0.202778,12774,2665
57.1129,2.89343,0.261111,0.461111,16277,38954
41.4183,16.5238,0.652778,0.446875,29556,26556
55.0103,16.2427,0.585417,0.0888889,13988,31256
21.0948,23.3772,1.0,0.175,35197,56749
16.93,2.78705,0.0416667,0.309375,33406,37725
13.7507,1.57213,0.2875,0.119444,3785,38478
55.6835,12.9845,1.0,0.3125,49019,11322
48.0881,0.690727,0.672917,0.189583,37060,48087
27.1536,4.70575,0.197917,0.802778,18353,53884
13.7899,23.6357,1.0,0.144444,15010,4009
46.339,5.64406,1.0,0.775,20259,48651
28.6615,6.3027,0.419444,0.291667,21391,38996
57.5341,13.9144,0.333333,0.421875,40791,6874
44.7681,12.6357,1.0,0.377778,39140,18827
51.4169,9.46862,0.280556,0.161111,8669,50364
45.3159,1.01228,0.127778,0.358333,56032,4917
9.58234,1.30277,1.0,0.422222,48028,12997
16.8103,6.64583,0.09375,0.411111,14756,26250
10.8986,10.0003,0.85625,0.425,41423,15088
26.213,13.6321,0.639583,0.783333,20892,53081
39.5735,2.29591,0.208333,0.419444,43262,17198
7.615,3.82736,0.35625,0.119444,57489,36365
12.699,11.183,1.0,0.308333,53650,9853
56.6949,24.2199,1.0,0.513889,48562,24174
74.5623,6.91758,1.0,0.404167,16703,26408
31.914,1.36087,1.0,0.216667,964,52668
82.445,5.36903,0.09375,0.302083,38416,21593
18.7894,2.66968,0.1,0.3375,25029,36129
52.2194,15.1492,0.55625,0.163889,13674,15569
30.8332,17.7299,1.0,0.488889,28998,50961
31.7259,2.59312,0.325,0.202778,21811,35257
53.1524,6.08774,0.152083,0.547222,45188,43608
68.4096,3.08266,1.0,0.352778,9953,40008
36.1565,12.0981,0.330556,1.0,27192,35533
59.697,2.56786,0.355556,0.425,13646,50148
44.5461,2.07989,0.154167,0.525,53565,31628
21.0262,17.7886,1.0,0.15,18695,27438
42.7554,10.551,0.255556,0.733333,16710,18247
23.2123,1.14754,0.689583,0.541667,25328,30572
52.0748,11.3399,1.0,0.397222,33301,23942
16.6454,0.307284,0.441667,0.628125,8983,25729
18.6957,3.15551,0.311111,0.627778,21203,37565
17.8471,12.8943,1.0,0.0854167,34357,875
39.6904,6.99348,1.0,0.5875,43960,32434
39.1801,18.28,0.0805556,0.263889,30334,9909
36.1985,13.4481,0.352083,0.202083,50189,3556
2.84167,8.07413,0.160417,0.26875,18732,36928
17.9817,3.45665,0.675,0.645833,14228,3777
15.509,12.5679,0.586111,0.283333,53525,12222
47.7566,12.9327,0.239583,0.128125,29581,20425
37.9003,3.2862,0.444444,0.0895833,10997,18355
28.2715,7.82951,0.504167,0.686111,40543,50980
17.6144,11.938,0.18125,0.372222,36192,12563
74.2618,5.22058,0.09375,0.604167,37682,12518
45.1218,7.98795,0.283333,0.627083,45598,10776
23.1656,9.64602,0.25625,0.744444,48398,41158
12.0165,1.1755,0.570833,0.275,50490,10331
64.0391,4.25732,0.345833,0.290625,50720,51837
50.9606,17.6902,0.0729167,0.661111,13346,21979
14.1541,4.29844,0.21875,0.466667,21951,42183
26.0258,15.887,0.30625,0.175,566,18681
14.4641,3.29263,0.839583,0.163889,30420,56680
42.4173,13.1205,0.0958333,0.172917,31825,1748
16.4976,9.65912,0.633333,0.194444,2065,36300
51.7515,10.6697,0.972917,0.183333,42847,45378
13.5859,3.80663,0.0729167,0.505556,50991,52501
34.4122,6.30339,1.0,0.0694444,10851,18261
31.8859,9.41935,0.21875,0.191667,24058,108
43.482,2.79306,1.0,0.21875,37856,15217
54.5413,6.24365,0.215625,0.441667,19236,49510
9.06915,10.8764,0.489583,0.577778,54220,43865
45.3839,14.1742,0.241667,0.158333,16312,21870
14.4304,9.7539,0.166667,1.0,48494,41443
66.8336,17.9397,0.11875,0.31875,50931,6530
17.2243,11.6721,0.06875,0.569444,21277,46174
17.615,9.84095,1.0,0.127778,28151,53967
27.348,13.945,0.845833,0.0861111,22376,36922
45.3394,8.77381,0.0791667,0.810417,50906,16066
4.78504,6.83073,0.309375,0.8375,54680,47228
34.8546,11.2309,0.45,0.327778,48845,35396
15.6141,7.92037,0.433333,0.335417,6019,50621
34.7399,6.36395,0.508333,0.439583,9106,41445
43.1205,13.4988,0.872917,0.388889,13556,34215
36.8516,5.33274,0.116667,0.35,42194,2212
18.8511,5.39973,0.172917,0.040625,2251,38023
26.7335,10.908,1.0,0.489583,1681,28950
58.7778,9.0068,1.0,0.661111,15458,6288
44.3081,21.3633,0.15,0.53125,47316,1612
2.97105,0.744369,0.539583,0.25,4730,44800
22.1632,10.2826,0.408333,0.305556,15088,33100
52.1397,4.38231,0.35625,0.294444,49496,32118
13.8343,2.6129,0.486111,0.1375,35066,39199
19.2402,20.1054,0.0875,0.475,49907,21432
9.96731,8.07247,1.0,0.55,52603,24661
16.0373,14.5379,0.338889,0.772917,36707,29933
20.0916,1.35794,0.2375,0.075,47125,5473
23.6728,9.34666,1.0,0.261111,15094,23317
3.89766,14.944,0.7625,0.111111,27253,23408
4.43832,9.98717,0.155556,0.191667,10771,36907
24.4498,10.8578,1.0,0.35,7629,31918
35.9424,13.7535,0.141667,0.0611111,30630,44421
12.8935,13.8018,0.641667,0.469444,875,36938
9.34736,2.92791,0.8625,0.189583,27180,18736
5.08456,9.19519,0.88125,0.779167,37990,16977
15.4183,3.54035,0.783333,0.683333,55769,10536
28.5763,4.97458,1.0,0.147222,4907,18131
16.6062,8.67237,1.0,0.130556,19681,37613
44.9434,2.62661,1.0,0.433333,41726,55434
15.6536,6.57759,0.754167,0.458333,6225,14248
11.768,12.2668,0.252778,0.104167,11169,30448
41.9406,3.38373,1.0,0.139583,20240,12089
44.3279,14.6712,0.78125,0.490625,11359,29438
24.9695,13.2152,0.315625,0.225,12414,17783
41.8845,12.7352,1.0,0.275,31074,18870
8.39853,14.2737,0.939583,0.16875,1241,36973
10.1442,14.3062,1.0,0.222222,10376,27234
51.1902,0.284905,0.71875,0.6625,40028,30923
39.5052,7.78014,0.602083,0.116667,51839,9757
40.8276,4.3071,0.929167,0.420833,30219,56584
7.85039,14.4341,0.730556,0.133333,54627,53379
23.4573,14.5067,0.172222,0.21875,8223,5516
45.8407,4.933,0.1375,0.308333,41440,40824
29.0582,8.3786,0.272917,0.436111,50512,21381
21.7307,15.4666,0.808333,0.219444,35664,53026
11.6692,19.5619,0.29375,0.569444,53840,218
21.4067,10.6524,0.216667,0.525,33122,9687
58.4831,5.62559,0.08125,0.0861111,34262,40461
6.39538,11.687,1.0,0.522222,19139,18830
36.2756,20.153,0.288889,0.179167,54730,1992
58.1131,6.71549,0.725,0.15,41155,2259
25.8451,18.7893,0.241667,1.0,26433,26963
8.36365,9.81387,0.0895833,0.538889,26382,21451
12.6529,12.6925,1.0,0.683333,9096,21414
36.0762,14.4195,0.116667,0.147917,44585,9545
37.0306,11.4669,0.177083,0.427778,44928,22692
15.1852,1.65803,0.260417,0.202778,6866,33372
34.8547,7.55504,0.75625,0.183333,4702,32489
50.6289,3.38599,0.291667,0.16875,25038,12403
14.844,10.6248,0.43125,0.405556,26876,56454
2.19639,12.3646,0.713889,0.445833,18156,8926
34.178,8.75903,0.9875,0.775,4256,27279
13.1618,14.4765,0.910417,0.7,45416,49803
14.7459,9.94315,0.472222,0.2,29967,12470
14.756,15.7497,0.05,0.285417,18792,49900
20.5786,15.9799,0.075,0.158333,35751,27195
28.904,19.0394,0.236111,0.311111,55747,19516
29.957,11.6061,0.0791667,0.613889,31180,21669
49.2194,18.4358,0.0395833,0.138889,29045,47928
34.3799,2.19195,1.0,0.141667,29568,16040
23.8898,5.78483,0.463889,0.479167,51568,28440
71.8834,0.155056,0.666667,0.552778,19173,5806
40.9157,9.10607,1.0,0.647222,10381,52043
21.3498,2.95455,0.291667,0.775,19872,43982
47.354,8.51749,0.41875,0.391667,53864,21024
63.9496,4.36053,1.0,0.170833,34668,21438
31.9037,2.72765,0.955556,0.297222,17868,54128
44.6137,3.19652,0.577083,0.797917,51666,34703
20.7657,15.3299,0.0666667,0.183333,42489,42033
49.4211,13.6006,1.0,0.0416667,50884,48137
1.95396,6.67325,0.305556,0.641667,24579,3563
16.2607,9.31771,0.583333,0.186111,38046,25289
42.3192,14.6244,0.6,0.269444,3998,29731
25.5024,5.84675,0.269444,0.68125,12085,6939
52.1673,6.99507,0.291667,0.497222,30863,40891
29.1803,7.2024,1.0,0.102778,11835,33886
51.357,6.41077,0.330556,0.427083,37403,16739
50.4333,7.92157,0.05,0.188889,20732,57308
34.6279,12.3327,1.0,0.26875,42487,37000
22.3479,13.9824,0.247222,0.670833,7179,42045
20.6597,10.7013,0.747222,0.409375,44595,54450
24.024,12.4099,1.0,0.391667,44313,23493
39.8211,18.9954,0.911111,0.36875,19142,34
77.0409,18.5951,0.291667,0.327778,43411,2973
14.2447,13.4084,0.189583,0.425,47741,6089
38.5286,5.44558,0.505556,0.436111,6391,16500
41.5341,15.3095,0.152083,0.28125,23655,26931
11.0844,3.52349,1.0,0.102778,23667,16981
14.888,7.02326,0.238889,0.472222,56365,22350
11.1194,19.9886,1.0,0.213889,39624,53013
11.4495,11.0933,1.0,0.933333,37093,6852
12.7286,0.94386,0.6125,0.695833,34944,40150
50.6886,11.5259,0.302778,0.519444,55440,4130
24.3066,3.20439,0.369444,0.105556,27292,13804
54.5123,16.8667,0.541667,0.219444,35392,25854
33.0719,8.98583,0.191667,0.425,38311,16
48.3747,9.78212,0.40625,0.516667,32707,15729
59.2417,15.4443,0.872917,0.49375,45082,16258
26.0132,16.214,0.664583,0.352778,52568,54145
59.9836,14.0302,1.0,0.225,33924,55462
21.3539,15.7474,0.261111,0.647222,36875,46196
58.3159,12.9937,1.0,0.111111,21024,35461
44.1297,2.18267,0.25,0.136111,32261,11439
79.5529,12.2134,0.185417,0.494444,40331,30420
10.4272,8.73056,0.994444,0.61875,39220,39807
8.28376,9.57327,0.14375,0.122917,48707,11814
53.4534,0.98666,0.43125,0.186111,42388,30893
70.9334,10.5943,0.4375,0.291667,4820,54610
38.3944,10.7614,0.55625,0.497222,1180,39479
12.1333,7.94708,0.06875,0.55,23991,22613
13.9597,3.03433,1.0,0.269444,38556,54777
16.4347,14.4852,1.0,0.454167,50302,44249
19.5177,2.76013,1.0,0.169444,28415,53459
7.84484,7.5284,1.0,0.263889,26329,22323
50.6134,1.70944,1.0,0.21875,31804,19220
38.1623,12.2229,0.175,0.913889,36184,24969
57.3567,8.13347,0.754167,0.466667,27297,1556
22.5147,3.05625,1.0,0.127083,36627,50329
40.5556,0.57169,0.791667,0.510417,53237,16284
15.8062,17.0107,0.3375,1.0,34322,30869
27.2447,10.3464,1.0,0.138889,22129,24599
13.7328,19.0042,0.2125,0.566667,45210,21774
24.498,10.9955,1.0,0.30625,15908,33866
23.9279,18.9992,1.0,0.166667,5182,54167
47.0786,3.49599,0.297917,0.3125,6468,40427
60.473,10.5074,0.338889,1.0,24454,14696
69.8592,8.50116,0.2,0.11875,37679,24731
14.9824,12.6469,0.416667,0.125,48297,47065
47.1362,5.05965,0.03125,1.0,43612,19939
40.6785,8.67058,0.0520833,0.433333,16932,35932
57.5133,4.30162,0.260417,0.366667,32424,34210
64.4793,3.33265,1.0,0.4,7436,40825
59.76,8.03,1.0,0.177778,25635,55952
28.0152,15.069,0.445833,0.241667,31496,2716
66.3496,6.83922,1.0,0.68125,33812,42048
51.2936,15.674,0.154167,0.641667,51826,41448
34.7889,16.4336,0.544444,0.575,50833,57101
49.2833,17.0676,1.0,0.811111,26215,47965
29.1983,2.70811,1.0,0.347222,18766,6407
26.6005,8.38944,1.0,0.538889,22549,40090
26.6946,12.5032,0.358333,0.791667,36796,38077
22.2154,13.0354,0.461111,0.222917,39355,55336
36.5899,2.19118,0.7375,0.110417,45855,44306
41.5114,18.8979,1.0,0.558333,15420,3829
41.7168,1.2186,0.666667,0.25625,11783,2861
11.466,4.7936,0.429167,0.316667,17023,25314
32.9714,20.8125,0.325,0.0722222,55860,39977
26.7286,10.111,0.14375,0.108333,33393,55561
10.3317,27.1172,0.18125,0.525,36611,26891
37.9545,6.85366,0.864583,0.0708333,52672,15689
40.8164,18.2521,0.772917,0.388889,22439,23527
40.5596,1.99412,0.354167,0.24375,44198,26807
4.93289,6.80247,1.0,0.163889,29575,36793
44.5386,15.3589,0.06875,0.6125,34820,4466
11.7734,3.74763,0.404167,0.739583,36952,29966
27.1386,2.63838,1.0,0.619444,22182,20233
3.96411,12.67,0.161111,0.202778,54603,23201
55.5756,15.8218,0.44375,0.763889,45812,25914
7.0156,10.0536,1.0,0.441667,28664,19735
30.1922,15.834,0.33125,0.658333,7379,55545
73.0107,7.73492,0.647222,0.3625,56361,14094
19.3757,10.7852,1.0,0.836111,29079,27463
36.3697,6.39489,0.0944444,0.475,42136,19610
16.9076,21.6823,0.46875,0.780556,44469,3853
40.5426,9.45169,0.229167,0.527778,160,4377
39.0084,6.37305,0.225,0.608333,29617,14476
8.99134,1.63805,0.914583,0.195833,11279,7282
45.6554,3.68307,1.0,0.697222,15068,20375
24.392,19.6234,1.0,0.05,2381,29149
26.1748,11.4722,0.3625,0.185417,5403,1291
22.175,10.9189,0.572222,0.465625,32516,46677
5.96665,21.3462,0.197917,0.383333,19680,1003
22.7979,4.41205,0.152778,0.472222,23464,54889
6.76745,11.1007,0.114583,0.1375,18555,43883
52.9312,2.20308,0.0645833,0.41875,36367,42937
26.8262,17.2372,1.0,1.0,46163,33346
34.5345,10.0971,0.1625,0.220833,12941,52898
44.763,9.42841,0.255556,0.272222,21630,40095
4.35207,5.22795,1.0,0.583333,47434,21757
8.52211,11.6072,0.122917,0.109375,42091,17229
38.3304,13.7694,0.272222,0.30625,34881,41615
18.576,19.003,0.5,0.311111,27568,52799
16.7023,11.438,1.0,0.161111,33948,46201
18.5455,14.4945,0.16875,1.0,25074,41059
22.1732,15.6598,1.0,0.516667,19360,40797
50.5311,12.3257,0.43125,0.475,18969,1826
44.0751,2.76424,0.697917,0.170833,45602,50816
11.5324,18.8584,1.0,0.3,36081,35521
35.2866,9.5864,0.297917,0.463889,11570,12628
31.797,3.61994,0.438889,0.252778,56572,45117
57.0706,14.3013,1.0,0.197222,16127,51330
63.3369,7.20455,0.758333,0.472222,46022,39077
54.0551,14.8846,0.408333,0.252778,47523,33879
28.5196,9.66088,0.0541667,0.385417,36374,2477
43.1234,9.65486,0.11875,0.394444,50331,38705
12.758,11.9411,0.220833,0.296875,22123,21474
38.1257,0.192052,1.0,0.83125,24012,19441
42.7856,16.927,0.297917,0.110417,55735,28022
63.5195,16.2734,0.04375,0.647222,2574,5672
54.3182,10.3989,0.575,0.847222,21690,22815
31.9369,8.14647,0.570833,0.155556,37955,1978
15.1334,1.98895,1.0,0.583333,55639,51248
20.6768,10.2297,1.0,0.988889,49858,18082
36.4118,9.40428,0.372917,0.161111,27055,48203
50.1603,8.39828,1.0,0.25625,6016,44637
46.9027,20.5097,0.514583,0.397222,72,35849
40.5141,18.2513,0.06875,0.355556,33964,25371
72.3041,9.52137,0.10625,0.652083,22135,6769
3.226,14.4325,1.0,0.277778,19088,18815
70.7703,20.2009,1.0,0.522222,40695,16577
33.0779,19.9616,1.0,0.14375,48877,2799
41.8993,2.12088,1.0,0.547917,17644,1584
13.531,9.53988,1.0,0.177778,44065,55400
2.05635,13.2993,0.20625,1.0,37690,7298
8.64172,2.42785,0.19375,0.139583,50259,38611
58.1888,14.5546,0.2625,0.655556,1231,47385
49.0212,6.23312,1.0,0.741667,17281,37187
49.143,6.25877,1.0,0.53125,2584,42495
6.64502,6.4835,0.164583,0.154167,53243,26992
37.4883,11.9767,0.895833,0.616667,25178,17367
21.6923,17.5331,0.227083,0.425,6622,24079
46.7749,1.83532,0.364583,0.672222,44202,30766
26.2773,11.767,0.885417,0.780556,45510,3152
29.2886,10.1679,1.0,0.408333,17985,38871
38.6686,3.76201,0.216667,0.202778,36945,10660
44.2026,8.63165,0.720833,0.347222,55286,54411
16.6038,6.83429,1.0,0.241667,34802,36940
12.8448,8.78203,0.152083,0.370833,29161,2373
50.6774,19.5093,0.154167,0.0270833,31016,32100
54.6541,9.03703,0.764583,0.225,23897,10388
20.5755,6.8688,0.63125,0.177778,16278,5588
3.37482,12.3791,0.1,0.147917,14972,35886
33.9694,18.1353,0.44375,0.205556,15700,5187
42.7673,8.30676,0.08125,0.278125,28769,57126
48.5613,18.2588,1.0,0.466667,39322,5398
27.3981,14.103,0.336111,0.475,40984,27218
10.7606,4.94316,0.702083,0.452778,34940,45447
21.6742,8.38424,1.0,0.835417,40759,9430
20.0697,21.3216,1.0,0.33125,57131,4448
17.7557,3.16678,0.16875,0.286111,18596,43223
27.3432,16.7507,0.327778,0.2,8676,12940
44.6766,15.2344,0.45625,0.320833,19327,11350
25.5982,16.0715,0.0458333,0.45,5659,45708
3.29828,2.08638,0.116667,0.377083,3556,51485
5.18042,21.3588,0.04375,0.155556,28844,51194
25.0375,12.3239,1.0,0.108333,44877,57005
41.9614,9.25596,0.122222,0.125,33522,26120
42.4893,8.67654,1.0,0.372222,25441,28957
22.5544,4.01298,0.90625,0.336111,38997,7692
11.2283,10.1982,0.11875,0.172917,26492,1466
14.9099,10.5999,0.120833,0.402083,49127,6489
3.3862,5.26959,1.0,0.353125,44394,5783
21.3873,9.58135,0.266667,0.3875,10621,43019
28.1623,14.7629,0.741667,0.525,57109,13686
47.0019,11.9734,0.205556,0.195833,33978,14294
1.7684,6.01987,0.08125,0.205556,45774,41494
64.6801,5.98804,0.463889,0.384375,20660,23769
66.6721,16.0311,0.2,0.125,39636,50859
41.7318,10.86,0.0854167,0.0729167,2486,25685
32.3752,4.5639,0.85625,0.80625,19328,2157
31.2854,3.93285,1.0,0.294444,5087,27753
34.6014,21.6519,0.108333,0.375,19186,50152
51.3408,25.1006,0.9625,0.175,8123,24934
46.4025,6.36164,0.514583,0.520833,26632,1026
13.0987,2.33567,0.727083,0.470833,40556,49738
50.6807,14.3974,0.929167,0.302778,25975,42461
15.1066,17.4952,0.466667,0.225,40599,4547
9.78593,4.11947,1.0,0.0645833,21806,24612
63.9782,8.22419,0.204167,0.59375,12370,33242
50.1101,8.79118,1.0,0.213889,50674,51440
17.813,4.52487,0.214583,0.31875,13212,16493
15.2921,14.0163,1.0,0.425,29440,51924
35.4069,6.3401,0.0791667,0.2,7003,47126
62.5067,11.8201,0.20625,0.583333,49721,21836
29.3078,20.5563,0.441667,0.361111,15938,35616
23.5084,12.5615,0.611111,0.419444,7685,36710
62.3638,4.07719,0.714583,0.152778,31543,21407
65.5862,6.07602,0.10625,0.654167,15071,45836
32.7815,13.7209,0.995833,0.325,57390,29997
57.5476,9.48736,0.453125,0.197917,29046,27857
19.7871,6.91269,0.96875,0.233333,47089,33421
11.6376,8.32612,0.494444,0.711111,35729,10087
33.9965,10.8266,1.0,0.511111,1510,50539
14.6737,10.7393,0.53125,0.827778,52685,6171
40.9595,0.709348,1.0,0.455556,6868,8114
61.0121,19.1935,1.0,0.428125,41304,23853
15.3671,4.09089,0.585417,0.163889,46455,19888
70.3245,8.18218,0.0833333,0.219444,21150,22073
69.1993,3.14075,1.0,0.160417,8916,38980
50.1693,21.5459,1.0,0.239583,38891,6484
42.037,3.09029,1.0,0.6125,4065,52298
33.8473,12.6103,0.552083,0.833333,45169,53853
8.20594,3.51506,1.0,0.470833,227,54853
25.5345,7.84629,0.916667,0.214583,3808,37249
11.3319,7.36555,1.0,0.69375,14198,52755
43.0101,16.8907,0.572917,0.336111,8903,14167
57.9333,14.6086,0.075,0.447222,54709,39282
17.3569,1.96335,0.68125,0.622222,24940,46424
50.1624,6.04467,0.158333,0.0777778,22145,52783
38.3177,15.3959,1.0,0.316667,19634,41252
3.12576,5.97982,0.536111,0.869444,3655,46612
48.1597,13.8819,0.241667,0.258333,56246,39070
24.5123,10.4539,0.69375,0.244444,14377,9376
46.9204,0.717393,1.0,0.25625,9374,41591
12.8537,8.42005,0.230556,0.308333,25262,23878
15.1544,20.8524,0.09375,0.55,50444,42696
16.7063,7.21485,0.175,0.658333,13280,2413
48.096,4.07689,1.0,0.144444,47526,4950
8.45768,9.94345,0.43125,0.289583,23077,23385
50.1999,12.734,0.158333,0.68125,37204,21781
49.4869,7.10157,0.0861111,0.441667,2628,5072
7.68988,14.0339,0.529167,0.158333,15528,21023
30.792,11.7849,0.133333,0.216667,22214,37419
44.365,17.0087,1.0,0.254167,1756,3471
23.8848,3.88196,1.0,0.686111,23777,16074
36.9037,3.51433,0.104167,0.540625,14877,11810
56.3183,0.837758,1.0,0.825,4708,3078
19.891,6.93375,0.4875,1.0,47945,41784
36.0577,14.0664,0.227083,0.113889,35699,3044
42.4284,2.1033,1.0,0.491667,48961,25833
38.3571,7.33287,0.125,0.372222,51340,20099
24.6551,18.8748,1.0,0.786111,53579,36901
51.435,7.68426,1.0,0.175,56737,19071
7.24629,2.39242,0.125,0.186111,23206,13760
6.59146,3.33657,0.313889,0.777778,53851,31717
29.438,3.52104,0.2,0.113889,37606,55540
38.8978,3.35513,1.0,0.328125,42390,14525
75.2643,4.47727,0.0354167,0.385417,45983,39284
14.809,17.6741,1.0,0.513889,55807,21557
18.6965,14.7366,1.0,0.120833,38460,18477
22.267,8.35561,0.460417,0.0694444,16972,35733
46.7286,11.1875,0.520833,0.1,56534,53138
14.4183,4.65811,0.763889,0.220833,4950,352
24.6571,16.1693,0.0708333,0.377778,7234,38211
4.09032,12.5196,1.0,0.155556,57143,31497
67.9905,23.2096,1.0,0.177083,39545,18550
71.4669,3.8571,0.55625,0.1,22989,2250
8.53756,10.246,1.0,0.941667,40782,54272
22.3162,14.403,0.5375,0.427778,30635,34855
27.198,3.94972,1.0,1.0,53479,38236
48.8491,8.46845,0.391667,0.316667,323,33134
39.9339,18.3174,0.58125,0.536111,52526,15600
16.3505,10.9868,0.127083,0.840625,6873,48731
41.988,14.9862,0.158333,0.414583,37629,34614
45.5035,14.7074,0.847222,0.683333,22740,12741
43.7287,13.9342,0.197222,0.280556,31822,46776
22.8114,17.9069,0.245833,0.844444,29986,50077
25.69,4.19834,1.0,0.333333,30080,5026
29.4588,7.17343,0.541667,0.444444,50889,24851
19.6101,2.46787,0.19375,0.308333,39062,1949
9.9665,12.0233,0.316667,0.0666667,10146,57140
41.9019,24.0943,0.370833,0.177778,15649,38677
6.94677,6.58601,0.933333,0.213889,38273,4542
25.23,17.5101,0.194444,0.402778,55349,9012
12.4271,1.52398,0.8,0.15625,9420,864
22.9462,24.2191,1.0,0.322222,37385,57295
20.4109,10.7994,0.245833,0.777083,33105,38346
39.781,21.3239,0.075,0.9125,22858,4750
36.8495,7.79412,0.939583,0.225,27240,40340
50.6232,0.344324,0.0479167,0.216667,40181,34713
24.2507,29.2004,0.822917,0.405556,29718,11377
10.8912,5.8155,0.355556,0.919444,16271,39983
8.63477,13.8709,0.488889,0.775,41677,26128
50.6468,15.4582,0.0979167,0.394444,19381,24400
9.2823,11.0664,0.1,0.402778,2761,57325
14.3669,11.8572,0.144444,0.763889,36407,24459
24.0672,17.5853,0.345833,0.708333,43088,2958
20.6043,18.1639,1.0,0.279167,21913,23298
31.6254,21.7338,1.0,0.38125,5825,46982
43.5524,11.7279,1.0,1.0,45905,3746
48.7271,15.1166,0.933333,0.280556,43136,49918
70.168,15.2305,0.988889,0.261111,25073,8312
58.7027,8.16638,0.220833,0.194444,52118,26836
50.4782,12.9085,0.264583,0.272917,46244,12956
72.1834,17.9121,1.0,0.952083,29080,22507
67.2037,5.66863,0.9,0.236111,3973,13374
36.406,17.6053,0.133333,0.519444,2625,30660
14.6995,8.02132,0.08125,0.54375,9836,29644
27.6955,7.54507,0.166667,0.438889,29559,16411
50.9373,9.14347,0.505556,0.289583,6654,37100
28.4738,14.7588,0.4625,0.152778,21998,27462
5.01564,9.36265,0.15625,1.0,47213,3687
11.2342,5.40973,1.0,0.166667,40538,43976
7.87409,4.98655,0.28125,0.205556,38769,37740
62.4883,9.97484,1.0,0.525,30715,38244
21.6191,2.02274,0.0666667,0.233333,5424,31901
29.4647,0.973366,0.2,0.389583,39101,24869
51.0935,1.83693,0.122917,0.308333,42308,46503
25.829,23.626,0.170833,0.204167,33634,24564
11.4966,16.4426,0.939583,0.111111,49835,44835
37.0629,6.89554,0.829167,0.40625,16913,38194
12.0352,18.3792,1.0,1.0,4034,22160
7.37047,10.49,0.197917,0.565625,19853,4306
54.5823,19.5589,0.508333,0.583333,47992,52795
13.0852,18.1946,0.264583,0.45,53648,15241
20.0161,16.2957,0.354167,0.133333,14842,22035
40.7741,4.62235,0.291667,0.275,10196,28352
20.0024,19.3112,0.627083,0.213889,13327,13448
37.1996,13.5088,0.545833,0.216667,47381,5836
10.4967,14.2471,0.652778,0.619444,29081,24411
13.1915,9.0688,0.752083,0.48125,36567,42600
18.0349,10.9125,1.0,0.386111,17577,41698
26.6438,13.6455,0.0479167,0.8125,814,45041
24.6707,14.5927,0.119444,0.283333,36187,43335
20.3644,11.8914,0.983333,0.197917,19059,18985
38.9775,14.4362,0.06875,0.708333,42253,41194
39.8522,11.7887,1.0,0.558333,23609,50205
71.4246,13.2095,1.0,0.333333,37104,56227
26.6858,9.85414,0.483333,0.594444,21005,53529
33.4427,13.5721,0.491667,0.275,38498,51885
56.4052,4.19898,0.0229167,0.366667,41981,34869
11.4154,3.33019,0.125,0.85,32996,6081
40.8524,10.7503,1.0,0.175,35488,50413
35.2962,5.49455,1.0,0.619444,21901,33674
22.8211,21.8976,1.0,0.2875,1723,842
7.89487,5.39007,0.216667,0.186111,40371,52428
39.3667,17.3393,1.0,0.455556,27270,56166
51.8418,16.9298,0.220833,0.353125,1275,51448
62.5051,11.8062,1.0,0.363889,22735,9348
12.94,4.79035,0.902083,0.328125,50832,55768
48.5097,21.6641,1.0,0.227778,10295,9700
20.7617,11.1678,0.141667,0.435417,49733,30759
37.5468,2.2996,0.202083,0.191667,44409,33307
48.1079,10.644,0.308333,0.479167,46135,9265
13.4265,10.3876,1.0,0.620833,54396,32371
3.40621,5.0088,0.141667,0.175,54800,23639
9.08333,2.80587,0.68125,0.422222,54585,46079
9.07575,29.4198,0.110417,1.0,48393,37715
31.3537,17.9217,0.166667,0.216667,13857,40164
33.243,21.5837,0.161111,0.302083,24700,12101
29.1572,25.3202,1.0,0.583333,9164,20586
44.225,20.7618,0.25,0.427083,14857,1436
26.6224,24.9157,0.327778,0.369444,11998,35408
70.3172,13.981,1.0,0.0916667,45304,3105
10.8375,25.8629,0.40625,0.639583,31337,40035
44.5754,15.6165,0.414583,0.105556,43872,8330
56.4339,15.529,0.125,0.508333,7753,24015
31.7655,6.50749,0.147917,0.384375,12622,31992
10.4622,6.13559,0.325,0.1875,1515,26459
18.4027,4.57306,1.0,0.170833,2329,41097
40.4732,5.57401,0.266667,0.3875,15446,45024
20.2919,13.3571,1.0,0.161111,12975,30731
22.3133,2.75746,0.791667,0.55625,18862,7964
42.8878,3.93394,1.0,0.0944444,8422,16905
31.6652,1.92701,0.233333,0.361111,13837,40846
11.2406,13.7385,1.0,0.166667,28351,31307
67.9317,13.5335,1.0,0.411111,37148,7343
25.3408,3.98196,1.0,0.213889,10852,26388
26.0476,10.8152,0.169444,0.845833,7412,40561
47.3971,10.4216,0.722917,0.233333,21921,14777
20.483,20.0343,0.191667,0.390625,54549,13191
13.8987,3.31232,1.0,0.380556,27346,51228
66.0641,4.67683,0.2375,0.347222,31177,12003
40.0376,16.7064,0.20625,0.610417,44165,16576
40.0723,3.91291,0.375,0.394444,19257,26159
5.66419,6.97452,1.0,0.358333,23433,6762
61.2978,9.78782,0.479167,0.272222,29844,26094
4.47136,15.3523,0.922222,0.130556,6944,14534
66.6559,3.96023,1.0,0.594444,32581,50164
7.10679,5.77365,0.419444,0.0805556,24781,5915
46.2648,15.9581,1.0,0.127778,46398,11630
18.86,1.12181,0.669444,0.175,16329,47779
41.5924,4.6461,0.36875,0.177778,34995,28896
6.55783,15.9259,0.189583,0.519444,32937,34574
69.5361,9.0578,0.6,0.210417,8276,236
13.0962,13.6136,1.0,0.166667,12707,7742
48.3923,15.6239,1.0,0.166667,624,35737
43.3984,5.49446,0.897917,0.105556,52918,31952
43.4128,2.09376,0.972917,0.511111,49460,33176
10.4135,8.15691,0.639583,0.344444,53968,5073
13.6232,4.9438,0.847222,0.210417,15467,54642
11.3777,14.3015,0.420833,0.15,4972,27239
34.4327,12.4368,1.0,0.522222,25286,2035
55.0498,5.7203,0.247222,0.096875,48851,25722
23.5116,16.8547,1.0,0.110417,18184,41934
26.6461,10.3414,0.127083,1.0,30660,30219
17.4325,16.0145,1.0,0.0861111,15889,28660
14.2622,18.4684,1.0,0.461111,32513,43858
49.64,15.7783,1.0,0.366667,46451,32041
17.4853,7.26976,0.05,0.297222,51416,49345
11.6152,11.7341,0.441667,0.375,42584,13490
35.8666,11.0495,0.577778,0.488889,34969,46197
34.2479,3.20913,0.2,0.145833,28816,37684
7.93588,16.4407,0.458333,0.136111,36254,36953
44.7836,18.0305,1.0,0.15,12068,13457
49.6792,10.1909,1.0,0.258333,28212,18493
11.0179,8.4304,0.0770833,0.3625,19106,31268
37.6201,10.633,0.372222,0.2,55512,48710
45.3322,4.08004,1.0,0.191667,30360,50037
18.0183,13.3631,0.194444,0.0805556,6221,54512
7.82339,15.0546,0.320833,0.7,24391,1615
59.2136,4.22024,0.20625,0.355556,52290,22015
45.2652,9.40296,1.0,0.497917,50732,5585
24.1468,0.288035,0.804167,0.147222,47473,56944
17.2372,17.3016,0.99375,0.230556,51123,38275
43.4698,19.6028,1.0,0.4375,47519,55435
32.2006,1.78586,1.0,0.0444444,52903,9849
58.8853,10.0885,1.0,0.358333,29573,42991
45.7806,13.0136,0.694444,0.0729167,25051,20266
15.694,7.88098,0.8,0.241667,39245,39989
14.6613,2.24298,1.0,0.145833,40572,44110
18.8277,11.4414,1.0,0.0916667,43370,12158
31.1613,22.4218,1.0,0.25,14295,34175
20.9768,14.7373,0.5375,0.825,25924,21675
12.9178,3.26456,0.433333,0.180556,35294,15650
20.8866,9.48728,0.291667,0.522222,24020,52007
21.767,18.0393,0.175,0.286111,39064,26501
49.2886,18.1129,0.997222,0.305556,36909,54337
48.7481,8.23978,0.2375,0.491667,33611,44036
71.8111,11.8686,1.0,0.116667,47007,16997
57.2124,9.77006,0.322222,0.288889,32475,34910
48.7846,19.585,0.677083,0.127778,52803,47766
7.20651,2.71563,0.252778,0.383333,55826,19889
42.0257,15.8606,1.0,0.380556,44252,41330
35.0052,4.23005,1.0,0.102083,15031,49877
21.3635,19.5916,1.0,0.729167,45749,18499
38.8493,8.89178,1.0,0.205556,6309,18123
12.247,19.3003,0.164583,0.190625,278,35330
59.2378,14.4296,0.116667,0.355556,46931,4925
33.5898,15.0352,0.185417,0.722222,12117,4712
37.669,3.57411,1.0,0.364583,21934,18702
36.9793,7.62053,0.591667,0.722222,31896,52039
41.8765,20.835,0.941667,0.608333,21743,20444
19.1504,18.5617,0.985417,0.3875,48322,19669
62.0623,11.7427,0.075,0.269444,39594,50207
17.1053,6.63411,0.55625,0.430556,1803,24574
20.9958,10.6529,1.0,0.133333,33532,32971
37.5453,12.7802,1.0,0.741667,49991,31383
31.4821,29.7084,0.230556,0.752778,3250,52566
20.3856,2.26483,0.1,0.291667,29459,29368
23.5955,8.16352,0.783333,0.1375,4114,2266
44.6287,17.2055,0.73125,0.0888889,45778,5617
35.453,5.86261,1.0,0.715625,31547,57083
5.1853,20.3976,0.5125,0.3,4675,40210
41.1048,14.7436,0.2,0.75,10021,15457
37.6828,4.77045,0.34375,0.213889,22250,46203
59.8376,17.6694,0.733333,0.336111,8945,13116
34.0915,13.1924,0.747222,0.6,19474,16002
16.5657,20.015,1.0,0.463889,10067,39306
8.97302,12.1866,0.03125,0.355556,40769,9424
35.2768,5.27596,0.35,0.45,37758,11210
41.4798,12.1421,0.629167,0.0666667,8902,35003
10.1155,7.1072,0.527778,0.152778,17116,42494
30.4897,10.6502,0.0479167,0.191667,8997,17561
50.695,17.142,0.227778,0.330556,33562,48953
65.8673,2.63823,1.0,0.263889,23231,15792
12.3286,13.1565,1.0,0.5,1852,23840
74.5054,19.7861,0.129167,0.2,53173,8022
37.9192,10.0361,0.05,0.666667,32089,3385
37.7594,21.5078,0.135417,0.708333,37823,29930
47.5902,9.51493,0.483333,1.0,25489,24523
13.3594,10.7769,1.0,0.108333,21148,39622
5.90366,13.9908,0.254167,0.519444,13623,23809
11.3549,11.6867,1.0,0.305556,29458,47977
16.7252,3.2595,1.0,0.4375,50414,22004
2.42629,8.84405,0.939583,0.15,47970,33248
35.997,10.4419,0.279167,0.155556,27219,33543
40.8203,3.91002,0.264583,0.355556,33792,39855
32.5731,22.3637,0.991667,0.333333,11182,40934
41.8606,1.32025,0.1875,0.19375,49301,39672
50.3537,21.8963,0.780556,0.09375,50796,36855
42.0945,21.9226,1.0,0.555556,7827,48139
55.6899,8.66267,0.0944444,0.441667,18922,30094
41.5431,3.6838,1.0,0.444444,34794,37978
40.8355,16.5293,0.210417,0.338889,34990,41295
6.65118,13.5246,0.99375,0.127778,36439,14818
12.1443,8.9285,0.233333,0.829167,37086,8582
6.14158,3.20614,0.179167,0.138889,34951,3884
86.832,16.2349,0.0645833,0.85625,1199,8081
23.703,21.449,0.0729167,0.719444,45946,36272
60.4186,12.5482,0.335417,0.925,7797,12693
55.4516,1.81322,1.0,0.308333,41271,28585
34.342,16.8831,0.322917,0.454167,4328,25637
25.9663,12.0034,0.58125,0.402778,7943,44930
42.9165,13.1302,1.0,0.125,8134,45793
66.2499,14.6663,0.114583,0.252778,18835,42687
23.5455,14.2591,0.252083,0.758333,50996,47883
8.83926,17.3929,1.0,0.752778,17195,17414
26.2058,5.27783,0.133333,0.341667,42875,4266
54.4693,5.26583,0.120833,0.285417,22836,49408
18.9805,4.44364,0.0979167,0.0861111,47894,37777
31.7634,5.21873,0.964583,0.2,20561,11750
61.9388,0.41844,1.0,0.483333,34070,10650
64.6374,11.5624,0.977083,0.654167,9058,21183
21.077,14.2941,0.25,0.388889,33705,49849
5.32903,21.9998,0.0666667,0.683333,35662,16608
24.8859,23.1282,0.352778,0.480556,39487,9755
28.3027,1.23989,1.0,0.370833,1523,10518
32.5032,22.9111,0.21875,0.2625,41684,51481
51.4352,23.1148,0.15625,0.216667,3569,55826
22.2722,6.42788,0.69375,0.455556,26821,5521
26.2409,3.88443,1.0,0.172222,24633,53542
50.2017,2.87893,0.322222,0.138889,2100,50159
65.257,16.1158,0.469444,0.177083,22721,12854
4.0561,8.28266,0.888889,1.0,43034,2977
29.1056,3.99348,0.463889,0.255556,37703,40005
19.8294,4.20744,0.14375,0.244444,10326,29593
88.9493,8.90293,0.427778,0.5,55985,6178
16.5219,12.1128,1.0,0.0777778,45029,26171
16.377,13.4233,0.0520833,0.13125,52942,13251
39.4645,19.9007,0.960417,0.15,45748,11936
53.9502,20.9349,1.0,0.125,7824,8839
22.4952,16.6369,0.402083,0.177083,43200,47472
40.3476,3.24253,0.845833,0.6,33011,29929
21.9437,16.244,0.125,1.0,41614,37534
46.5769,4.38308,0.154167,0.261111,43529,5858
36.462,7.32254,0.230556,0.138889,23797,22352
36.1417,7.48367,1.0,0.138889,49870,47081
22.641,11.8163,0.260417,0.05,29636,47936
32.7772,9.58551,0.902778,0.239583,35826,52011
68.8289,7.55634,1.0,0.208333,11931,43559
18.4789,16.7411,0.0854167,0.127083,43633,49343
28.0708,17.7041,0.56875,0.991667,3837,27644
40.8507,1.18197,0.335417,0.219444,34957,38174
56.1101,22.2166,1.0,0.380556,15115,48262
42.2503,5.19299,0.210417,0.677778,57403,48333
21.6718,4.32668,0.1,1.0,48074,27833
36.6854,1.91894,0.672222,0.513889,16745,48515
16.6337,7.44364,0.2125,0.408333,1962,25232
50.3703,4.50822,1.0,0.0888889,28181,22934
9.69726,10.041,1.0,0.180556,37469,46490
29.1869,18.7207,0.975,0.511111,43770,43109
31.1001,4.48694,0.336111,0.1625,1664,20923
25.1948,15.2439,0.397917,0.05625,32184,33447
46.8874,6.15825,0.86875,0.9875,43307,3679
5.08205,0.713005,1.0,0.183333,16508,32356
13.8558,4.45784,1.0,0.114583,5667,50016
27.6658,4.59305,0.116667,0.375,14977,55708
36.856,20.9033,1.0,0.136111,11360,7908
11.2359,12.6015,0.395833,0.50625,18219,30390
51.9227,12.6682,0.136111,0.236111,57256,52653
63.7794,12.1864,0.2125,0.05,56330,47336
32.1296,11.0699,1.0,0.30625,30251,41782
58.5949,19.1513,1.0,0.552778,40076,42390
79.6248,5.01086,1.0,0.441667,46183,48749
0.141067,13.4585,0.420833,0.152083,48409,24743
20.5855,13.7659,0.985417,1.0,55475,43382
35.5876,7.13502,0.297222,0.129167,32642,45655
58.8782,22.6008,0.508333,0.716667,76,26346
49.431,9.385,0.583333,0.236111,18162,14879
10.6377,8.9829,1.0,0.229167,8069,49821
70.1997,2.54864,1.0,0.808333,11468,17867
13.143,10.445,1.0,0.172222,57492,46119
10.5311,14.1664,1.0,0.461111,11480,34690
78.9225,5.16828,0.304167,0.594444,33433,26386
19.0956,15.1112,0.9375,0.334375,40728,41723
13.3435,7.05427,0.433333,0.402778,47205,10982
24.3643,3.88101,0.05,0.55,14575,1767
25.9304,15.571,0.19375,0.2875,9545,22759
26.7342,15.9365,1.0,0.258333,34953,2329
14.2441,8.27791,0.0645833,0.83125,33960,20614
73.8236,4.89537,0.558333,0.866667,56986,36612
49.0021,19.4198,0.311111,0.202083,55511,926
37.1672,15.1375,0.260417,0.33125,34822,42800
10.8153,2.87594,0.397222,0.419444,35274,2283
66.7405,13.191,0.135417,1.0,37039,34466
11.6741,15.455,0.988889,0.65,32421,38073
20.3129,1.85679,1.0,0.330556,51825,49156
55.1727,19.4385,0.1625,0.188889,38411,8740
62.3266,17.03,1.0,0.21875,33074,36502
46.3886,14.385,0.2,0.302778,34973,52989
34.9356,13.5375,0.160417,0.513889,12178,6140
77.6078,8.51125,0.704167,0.391667,9228,3658
68.4686,8.03926,1.0,0.272222,55076,46364
23.4422,8.03143,0.05,0.472917,3762,28313
38.5335,3.2908,0.158333,0.316667,28603,12284
68.3941,6.0654,0.0833333,0.172917,45699,7477
18.5057,7.58082,1.0,0.0541667,53935,22943
18.4901,4.41504,0.255556,0.255556,4371,22696
70.0809,7.11552,1.0,0.2,6969,14599
33.6258,4.5488,0.414583,0.48125,4674,54071
20.9746,4.93098,0.704167,0.566667,3320,28824
47.5539,17.6522,1.0,0.680556,34105,49833
22.3038,12.9387,0.391667,0.616667,24399,26203
69.5276,14.8698,0.186111,0.25625,6009,50466
59.223,6.24675,0.372917,0.694444,24016,1085
32.2302,12.0648,0.683333,0.119444,16461,40368
4.3087,9.02329,0.216667,0.234375,36137,5851
46.355,18.2575,0.645833,0.205556,18894,16612
44.5264,17.5961,0.252778,0.458333,6806,45489
50.6277,10.5892,0.266667,1.0,52180,24866
14.1944,3.98624,1.0,0.155556,8102,30746
26.0751,18.2596,0.15625,0.102778,10709,24886
29.3952,2.26882,1.0,0.302083,20684,50422
8.96107,6.48091,0.0833333,0.264583,47153,19067
24.3233,4.60804,1.0,0.4625,53694,41332
25.978,4.69198,0.225,0.6,28885,38869
30.2128,1.28611,0.0395833,0.330556,56194,28348
72.2984,12.2977,0.245833,0.147222,31931,34409
24.2527,2.71445,1.0,0.361111,45481,25574
40.4545,12.1646,0.541667,0.294444,52342,7397
49.4036,1.46373,0.197917,0.266667,50924,56598
23.6809,7.59703,0.0479167,0.161111,40852,13810
32.9376,12.142,0.391667,0.113889,26745,18025
13.28,3.93087,0.225,0.136111,14071,18198
13.8114,19.2222,0.1625,0.679167,18047,40281
57.9102,5.1273,0.104167,0.711111,24118,35454
54.0423,10.9145,0.883333,0.266667,6437,22499
32.2445,2.4345,1.0,0.885417,837,38828
46.0243,16.0831,1.0,0.347222,51811,18300
45.8436,4.5925,0.06875,0.290625,13699,14602
33.8819,2.02524,0.315625,0.354167,56613,29010
41.1341,3.42068,0.589583,0.258333,2164,17589
19.104,8.70789,1.0,0.24375,34658,54876
62.4893,1.43433,0.960417,0.191667,43758,22910
18.2113,6.85084,1.0,0.647917,4814,56824
28.2371,3.67231,0.405556,0.945833,41869,25869
26.0985,14.1537,1.0,0.6,1290,12238
46.3355,5.39226,1.0,0.291667,33442,11022
44.1137,6.27507,0.954167,0.961111,49456,55381
35.046,12.1417,1.0,0.141667,38690,21180
19.1527,6.71551,0.454167,0.0555556,17339,24680
16.9413,4.62363,1.0,0.239583,29538,5205
12.0953,10.0321,0.152778,0.244444,53945,6281
69.6642,17.1709,0.43125,0.638889,39667,23203
62.2744,9.39764,1.0,0.270833,19226,31418
53.716,19.9913,1.0,0.133333,7435,29935
7.83832,4.07876,0.895833,0.2625,45467,483
21.9595,9.40002,0.966667,0.383333,50542,40199
28.7593,28.4078,1.0,0.191667,48079,30814
16.7539,6.73583,1.0,0.375,26572,23862
13.5653,2.44077,0.983333,0.372222,43192,38198
19.8747,18.8674,0.88125,0.0604167,6633,45824
23.5842,16.9482,0.666667,0.875,53800,52218
23.4246,11.7747,0.714583,0.772917,28846,40813
29.1409,10.28,0.825,0.325,17656,35180
28.6967,7.2378,0.4625,0.102778,6450,54304
29.6451,7.14062,1.0,1.0,26005,13240
28.6618,13.3238,0.16875,0.33125,56192,27792
54.5043,22.5434,0.886111,0.46875,2405,21242
74.9509,9.04473,0.588889,0.547222,15897,40472
5.34583,5.01132,0.213889,0.469444,14107,30649
37.0248,18.7796,0.179167,0.430556,16058,52422
55.9943,7.11387,1.0,0.20625,7286,18298
40.6585,8.39994,0.116667,0.697222,56837,43861
2.8232,3.60403,0.472917,0.513889,46614,43129
65.886,17.5305,0.530556,0.188889,56875,36638
33.774,2.09555,1.0,0.616667,55456,14532
25.217,5.6975,0.535417,0.114583,14787,43268
64.0482,14.872,1.0,0.441667,16739,787
47.1231,7.35511,0.889583,0.502778,37074,28489
21.1,2.59272,0.0458333,0.239583,312,17815
77.6431,3.27602,0.1625,0.269444,2778,29543
59.8307,2.39764,0.0395833,0.713889,42395,16898
14.5823,6.82384,0.245833,0.0861111,39936,19858
43.0917,18.9499,0.810417,0.464583,46162,26295
49.4384,4.53191,1.0,0.888889,1940,37593
16.6408,5.95101,0.997222,0.120833,12968,3368
55.8148,16.5791,0.0583333,0.269444,30204,51915
6.81179,15.8559,0.408333,0.154167,11134,26703
60.4413,3.53417,1.0,0.10625,30388,14527
8.24384,3.55577,0.0645833,0.71875,4305,45703
10.6594,19.2842,0.216667,0.675,25713,43551
43.2069,11.3823,1.0,0.858333,41481,34702
6.94031,14.7363,0.0708333,0.314583,4223,44367
77.1442,1.47081,0.125,0.519444,8965,31602
12.704,19.0568,1.0,0.375,9575,33725
34.3022,12.8112,0.341667,0.183333,35634,16878
30.1644,8.12463,0.702083,0.116667,49811,7080
33.565,3.89897,1.0,0.341667,27486,53796
49.2518,8.72772,0.369444,0.775,11297,23805
18.3089,11.158,0.160417,0.322222,16020,28117
24.1923,7.47382,0.09375,0.227083,15667,16766
43.8898,19.3854,0.997917,0.28125,11862,29419
25.7712,5.01663,0.1875,0.597222,24702,12560
22.9052,17.0974,0.202778,0.391667,3565,5974
19.2188,8.00816,0.175,0.352778,23503,56283
72.7748,11.6523,0.325,0.544444,15846,47059
23.8363,19.3152,1.0,0.10625,11515,6673
33.6795,11.2442,1.0,0.319444,14313,14689
10.0083,2.46505,1.0,0.494444,32856,34141
10.2558,8.61646,1.0,0.183333,17521,51906
26.326,0.0119519,0.327083,0.266667,53153,4392
9.14299,3.05641,0.183333,0.394444,14671,54665
35.4358,35.1114,0.127083,0.514583,24546,37624
13.5395,16.7756,0.188889,0.727778,11552,44641
17.4128,8.43691,1.0,0.144444,13914,44312
19.0877,19.3134,0.689583,0.172222,57249,57117
42.1355,17.3215,0.411111,0.230556,36559,44363
1.89483,14.5083,0.154167,0.544444,13913,34045
60.0288,9.44452,0.433333,0.502778,54125,48248
56.5321,13.335,0.135417,0.297222,27394,1534
23.7074,16.0519,0.195833,0.3,4571,39446
9.37067,14.6905,0.45,0.777778,6436,32865
45.1591,2.76745,0.425,0.186111,55195,32352
27.2534,13.5811,0.93125,0.709375,7145,7772
5.01622,2.96688,0.675,0.55,4521,32576
53.6349,17.6298,0.110417,0.483333,5713,8998
18.0073,11.3893,1.0,0.697222,231,9145
11.0123,10.4796,0.647917,0.175,2730,34362
23.4211,16.3049,1.0,0.308333,31448,27410
36.3049,11.7716,0.235417,0.345833,13370,35079
55.2999,6.75801,1.0,0.104167,4829,34408
45.214,11.2327,0.697222,0.166667,54556,19348
15.1775,11.9406,0.980556,0.236111,33624,32540
59.7332,16.4767,1.0,0.341667,57028,52543
48.4366,12.1252,1.0,0.933333,1152,9860
30.9536,4.67145,0.436111,0.180556,49545,5165
20.0719,9.21107,1.0,0.447222,13328,34678
45.9171,19.9815,0.05,0.644444,4003,28496
30.8526,14.5851,0.28125,0.825,45935,36458
12.6801,21.4155,0.141667,1.0,40507,12945
29.2601,13.3785,1.0,0.329167,285,34627
33.9185,16.6847,1.0,0.495833,12665,6182
81.3168,16.6802,1.0,0.458333,43722,50718
10.4818,1.48251,0.166667,0.763889,21849,38209
17.6891,1.33868,0.15625,0.236111,5212,17083
11.7451,20.9378,0.25,0.430556,41273,10069
26.5806,12.0702,0.141667,0.569444,5346,23958
11.4292,6.20578,1.0,0.0895833,45919,25746
16.2725,15.4452,1.0,0.2875,37223,45339
22.0553,5.59093,0.80625,0.24375,11313,15841
31.2962,15.8219,0.166667,0.164583,47200,38727
16.6583,3.17148,1.0,0.491667,45640,31774
41.8003,7.52447,1.0,0.169444,22802,55447
32.1202,7.27809,1.0,0.202083,50020,35123
2.01988,12.2405,0.736111,0.255556,49665,38387
66.9045,14.5585,0.536111,0.641667,16672,15337
31.2949,4.68504,0.377083,0.411111,39494,38385
27.766,4.3264,0.113889,0.105556,35974,4627
38.9959,1.17125,0.297917,0.402778,34090,17305
45.1833,8.53282,0.347917,0.827778,42575,46592
54.4075,3.45699,0.425,0.679167,29413,7686
25.8039,18.3653,0.266667,0.0916667,15473,13906
35.3569,15.8228,0.0791667,0.152778,11655,24018
39.246,12.2139,0.589583,0.327778,51832,52997
8.06841,3.88988,0.160417,0.61875,2850,49055
14.1554,18.7759,0.147917,0.0861111,55905,35092
64.0054,10.9218,0.745833,0.24375,30753,1409
38.9699,5.1097,0.164583,0.25,7,21714
25.974,11.3806,0.154167,0.852778,42372,29834
68.7169,6.03297,0.555556,0.122222,8521,30132
19.239,6.98332,0.0875,0.611111,41436,11606
18.8081,6.51337,0.359375,0.635417,7296,3676
39.2288,18.0628,0.18125,0.9,38182,37013
39.7729,17.4426,1.0,0.344444,33700,46004
47.4452,20.5524,0.277778,0.325,57475,22485
38.3356,16.4732,0.108333,0.772917,49068,3609
15.741,15.9965,0.372917,0.108333,16117,42446
59.6757,12.1774,1.0,0.466667,34123,39
76.9366,16.2076,0.695833,0.222222,18860,56926
7.81792,2.58389,0.105556,0.264583,53157,479
30.8323,13.1104,0.141667,0.546875,12108,43595
69.8523,3.97917,1.0,0.347917,39024,57358
20.6085,7.96802,1.0,0.422222,19876,15521
20.5288,12.9869,0.983333,0.127778,56211,28386
10.8739,5.91765,0.6125,0.269444,36408,33035
47.8172,16.625,1.0,0.783333,1206,18185
43.9205,6.81839,0.383333,0.502083,50156,53690
52.895,3.4757,0.283333,0.294444,52120,792
9.33985,11.9056,1.0,0.697222,29075,33872
10.7916,9.73981,0.18125,0.222222,50966,49649
37.6076,10.1183,0.219444,0.875,32509,19278
51.4083,10.4344,1.0,0.472917,26845,43730
59.1904,7.20029,0.241667,0.252778,50101,55482
18.2103,15.735,0.54375,0.075,39802,3233
43.093,9.6123,0.270833,0.714583,28829,8184
4.31027,1.98073,0.266667,0.452778,18140,13516
21.7328,14.1017,1.0,0.2,13442,16606
76.3948,3.96436,0.202778,0.214583,56047,45635
57.3844,15.4797,0.229167,0.355556,13800,48790
20.3015,10.7827,0.183333,0.210417,51129,15671
43.7207,10.0777,0.754167,0.763889,10867,43983
50.7132,7.25886,1.0,0.172222,27788,48505
27.6992,5.75384,1.0,0.960417,4523,41727
2.31049,11.5351,0.421875,0.2375,22515,12704
41.8295,15.2133,1.0,0.3125,41252,36520
28.0591,13.8981,0.408333,0.261111,21310,51465
21.6265,13.3542,0.075,0.247222,2412,23631
40.8919,18.4637,0.2875,0.116667,20326,42625
62.6748,9.12016,0.252778,0.586111,32150,25700
36.31,13.1019,0.15,0.43125,1344,53166
80.2583,7.11521,0.466667,0.677778,26979,231
12.1997,5.64942,0.277083,0.216667,11740,27126
18.4602,9.64085,0.808333,0.75,28833,25098
46.4083,8.41648,1.0,0.491667,19279,25492
16.7628,15.8812,0.225,0.2125,42368,16263
13.3249,17.8114,0.2625,0.925,52695,17196
48.1935,14.4512,0.0520833,0.452778,19923,48542
33.05,19.5752,1.0,0.408333,51823,26463
75.6325,20.1499,0.1875,0.141667,13599,53351
26.9312,9.70537,0.0479167,0.741667,51588,50404
31.6022,13.5923,0.13125,0.566667,54455,56882
17.5835,10.7206,0.125,0.338889,51469,15961
40.1656,5.38658,1.0,0.240625,56998,48392
58.004,6.07687,0.539583,0.75,25687,27678
14.4864,0.0947081,0.4125,0.308333,52969,38162
12.2967,14.7522,1.0,0.563889,6433,1488
30.3401,14.9659,0.819444,0.461111,23558,52912
57.4444,3.6391,0.4375,0.927083,5697,9385
35.9887,8.10566,0.15625,0.936111,19483,20411
73.0088,4.75699,0.416667,0.330556,54208,40354
7.95081,18.3008,0.802778,0.533333,17657,8941
57.4558,24.9905,0.26875,0.53125,23195,38325
55.4583,12.0195,1.0,0.352083,5250,7444
17.018,13.1859,0.333333,0.405556,41424,9234
38.5821,6.85037,0.129167,0.283333,40768,681
17.6305,12.3158,0.08125,0.186111,14508,44556
24.189,13.4233,1.0,0.404167,6520,27905
33.6601,13.4534,0.508333,0.214583,56616,56972
21.179,5.9199,1.0,0.941667,56109,1551
18.5551,11.9096,1.0,0.1,47135,54495
41.8939,17.5686,0.433333,0.239583,26976,29668
24.2541,6.19318,0.991667,0.308333,44084,2376
3.70892,13.2857,1.0,0.822222,57172,13233
8.42025,2.29638,1.0,0.329167,57087,20074
1.31401,5.3459,1.0,0.558333,40340,33380
30.1869,12.0353,0.413889,0.435417,4450,47078
53.4635,3.67032,0.529167,0.372222,15433,40852
6.80804,17.5694,1.0,0.147222,5434,44351
60.1291,8.22369,0.141667,0.45,20665,49248
22.1919,16.1975,1.0,0.0805556,20282,46278
41.8851,7.73791,0.179167,0.222222,44880,13650
64.7999,11.2785,0.244444,0.154167,10460,18744
16.6266,8.21001,0.622222,0.677778,29798,14470
21.136,13.6399,0.275,0.11875,57182,47603
26.6297,13.6455,0.619444,0.133333,26413,6389
6.95912,14.0593,0.160417,0.233333,42067,42641
16.7503,12.7183,1.0,0.0645833,6507,21168
7.6315,2.69041,0.24375,0.352083,33732,39728
38.4228,4.8659,1.0,0.108333,43792,15642
43.2544,15.4321,0.34375,0.621875,20695,26219
35.5618,15.9745,1.0,0.116667,38265,40683
15.4259,7.30195,0.279167,0.272222,17920,6379
57.1528,6.25408,0.747222,0.0541667,8847,17613
21.7029,4.68288,1.0,0.436111,42407,1959
39.6462,15.2981,0.1125,0.904167,5214,51727
45.5679,16.5884,0.344444,0.266667,8611,54973
3.66932,16.2974,0.730556,0.811111,36933,21958
62.3139,1.84885,0.23125,0.738889,37003,18790
43.446,2.45208,0.0722222,0.302778,14924,23543
26.1421,10.6022,0.85,0.233333,24783,48353
29.8346,7.3338,1.0,0.0888889,50075,9269
52.3444,10.1199,0.189583,0.633333,8773,31412
34.8204,4.73004,0.364583,0.320833,16616,4423
6.42158,10.1982,0.175,0.11875,3618,41161
9.14609,14.7358,0.795833,0.438889,53062,12369
16.8541,8.9936,0.705556,0.352083,1040,21688
46.7139,9.78502,1.0,1.0,6632,12191
63.6695,1.6323,1.0,0.64375,4043,24016
57.6014,5.03822,0.0611111,0.288889,20787,6231
15.3198,23.0438,0.594444,0.120833,55773,28954
33.4524,3.23806,0.679167,0.28125,25677,10689
42.345,8.4448,0.358333,0.84375,56409,10552
10.7461,10.2357,1.0,0.472917,29929,13419
40.5674,6.32768,1.0,0.285417,21980,15143
38.6837,10.467,1.0,0.7625,1981,32611
25.3164,17.1532,0.18125,0.208333,52101,45080
62.8987,23.8726,0.139583,0.611111,47492,29014
2.45268,13.9326,1.0,0.24375,25064,6498
47.613,12.544,0.297917,0.102778,9080,20246
6.44795,12.1972,1.0,0.0777778,34642,5044
29.8206,2.68121,0.872917,0.353125,27360,56820
33.704,6.47702,0.460417,0.5125,34303,55786
66.8602,9.74549,0.120833,0.202083,25811,32631
7.96378,9.23019,0.9875,0.419444,35110,20551
11.9812,11.5958,0.233333,0.672917,13531,48117
17.5157,11.977,0.311111,0.1875,8060,1753
13.0252,7.86135,0.8875,0.390625,34943,44970
21.8691,5.11459,0.658333,0.669444,29906,17948
25.7877,7.32567,0.552083,0.261111,26984,8594
55.8172,11.9252,0.76875,0.45625,34378,27931
35.7394,12.6665,0.316667,0.25,2874,10220
56.6802,8.64203,1.0,0.197222,33501,37229
21.3542,16.053,0.0583333,0.280556,42381,52586
42.9036,10.0452,0.09375,0.222222,22289,24019
32.4286,21.1793,0.216667,0.141667,20169,3826
17.5204,6.37129,0.55,0.216667,40337,45898
53.7094,1.97292,0.739583,0.119444,14699,3527
40.9696,16.1201,0.89375,0.140625,27882,36132
46.8858,1.81021,0.663889,0.275,34773,28191
22.2067,21.5693,1.0,0.0729167,35842,54211
54.4884,7.58308,0.3875,0.238889,43185,24259
25.7065,12.1876,1.0,0.371875,27266,35389
51.8103,1.76305,1.0,0.386111,12298,23592
17.9622,4.86217,0.1375,0.733333,56542,39608
22.9335,4.87176,1.0,0.14375,17875,35970
8.74879,16.2276,0.908333,0.869444,15887,39899
68.4899,14.492,1.0,0.866667,49400,45851
16.2758,0.0237216,0.7375,0.214583,35818,49806
23.4628,18.4782,0.489583,0.319444,16061,5815
46.8209,10.1807,0.402778,0.66875,8970,25432
37.4312,14.5575,1.0,0.227778,41035,40032
61.5166,2.49069,0.120833,0.233333,5375,40730
24.8552,13.0115,0.35,0.184375,13434,42029
78.4637,19.0586,0.160417,0.5,38336,40309
5.11339,12.6344,1.0,0.291667,1157,47583
20.2038,9.51184,0.264583,0.0833333,14326,14413
12.7081,3.06491,0.229167,0.880556,17466,42646
52.3854,10.7016,0.766667,0.383333,10989,37952
80.0532,4.75626,0.766667,0.308333,3466,27151
45.1827,13.6495,1.0,0.233333,33716,29845
27.5147,16.3819,0.305556,0.172917,11057,20452
52.2649,6.59576,0.25,0.613889,14667,48634
19.8361,6.04903,1.0,0.64375,28311,55046
39.5298,4.02601,0.238889,0.425,31102,36722
10.973,11.472,0.222917,0.622917,11223,31722
78.2786,5.00253,1.0,0.188889,35567,44869
20.4311,14.4672,0.179167,0.366667,50988,7965
76.3483,5.33347,0.0833333,0.330556,8489,40196
7.61169,0.638205,0.966667,0.84375,21906,14429
22.4092,15.4282,1.0,0.133333,22859,20786
49.9687,17.5736,0.44375,0.502083,33757,11223
18.563,15.2094,0.353125,0.4375,19118,661
25.5049,19.3437,0.670833,0.105556,46527,27744
56.7958,15.4414,1.0,0.194444,30803,25904
54.4515,17.2523,0.945833,0.775,47072,51982
17.4785,12.8304,0.278125,0.297222,28029,2649
68.3863,10.6019,1.0,0.286111,28534,50437
46.6255,9.41753,0.939583,0.36875,32546,5164
33.232,2.69823,0.364583,0.297222,27326,23618
8.62485,5.9649,0.947917,0.141667,21569,3820
20.0934,13.6708,0.790625,0.616667,32881,47300
27.5879,4.88438,1.0,1.0,40607,39182
47.5468,13.6116,0.252083,0.50625,47408,6967
12.2181,4.85816,0.791667,0.2625,44422,2849
62.4112,1.61085,1.0,0.555556,33743,50339
29.0139,19.6449,0.280556,0.241667,48378,55681
19.5427,7.1887,0.145833,0.227778,48533,14321
20.16,1.33225,0.84375,0.172222,29399,21947
31.9249,4.63515,0.258333,0.05,1369,32408
31.2267,1.37886,0.0708333,0.222222,9569,3554
66.1632,5.90073,1.0,0.452778,42755,33969
29.7308,5.61781,0.2,0.1875,38661,25530
24.4613,13.4654,0.575,0.147222,13541,48361
92.9228,10.4793,0.0583333,0.316667,42224,57130
67.1995,21.3823,0.152083,0.163889,28253,32458
34.5386,15.657,0.227083,0.29375,17873,28704
55.5045,6.38326,0.510417,0.647917,18587,25573
31.2143,8.72146,1.0,0.291667,22558,55948
63.4091,3.24473,0.5625,0.658333,41646,41177
11.5312,12.2436,0.516667,0.24375,20057,11107
18.4946,15.0813,0.879167,0.269444,56149,1450
50.4698,18.8928,0.179167,0.291667,50216,3809
33.7529,12.8722,0.0888889,0.397222,8475,5130
45.0215,10.4712,1.0,0.258333,27085,55331
25.1749,9.10508,0.522917,0.947222,44622,43546
38.1276,9.81733,1.0,0.477778,55052,44256
62.4415,9.75642,0.972917,0.208333,24588,43558
64.3879,6.38206,0.295833,0.516667,29825,19044
5.97908,12.4353,0.914583,0.254167,41278,622
36.8329,1.66119,0.233333,0.519444,16674,43905
46.9953,5.34729,1.0,0.0805556,34074,111
14.8915,17.3576,0.129167,0.508333,54733,23692
38.3152,14.2783,0.239583,0.494444,17526,38909
39.6574,2.83444,0.0666667,0.48125,39848,10900
38.3037,5.87872,0.164583,0.213889,22846,46005
40.8992,12.9323,0.25,0.263889,36020,54275
41.2625,2.87731,0.516667,0.696875,44678,34140
17.7815,13.1463,1.0,0.24375,5095,55064
42.212,14.5453,0.520833,0.405556,49188,26108
63.2082,4.33289,0.558333,0.458333,16551,16633
40.6166,4.1674,0.49375,0.197222,44490,54281
62.8679,2.1593,0.152778,0.14375,42309,27298
13.3923,3.52888,0.391667,0.141667,29853,37336
32.6161,2.45049,0.075,0.635417,20678,44505
56.5048,8.2751,0.258333,0.177778,22035,28105
12.3014,0.746961,1.0,0.180556,14456,4119
23.0802,2.03824,0.19375,0.808333,34849,7559
61.2754,1.35735,1.0,0.277778,42028,34388
33.2661,2.03433,1.0,0.0861111,54858,41266
4.61331,10.0348,0.497222,0.138889,49298,47601
48.9113,4.6244,0.09375,0.6,27971,39159
2.88349,12.8789,1.0,0.370833,1621,49532
21.6404,7.01486,0.389583,0.702778,28289,32460
23.132,13.1105,0.28125,0.261111,37572,5619
8.79659,14.4231,0.158333,0.55,29587,5919
41.1857,2.34004,0.347222,0.438889,18346,1677
16.4227,7.28853,0.297917,0.544444,38884,16431
51.068,13.6255,0.69375,0.388889,36188,15868
18.8505,11.1925,1.0,0.841667,28828,22388
36.6905,13.387,0.129167,0.444444,43718,43854
21.8311,11.1879,0.436111,0.55,21366,38717
16.4167,1.76558,0.860417,0.885417,47979,49560
14.2769,11.8203,0.2375,0.166667,14613,54295
3.57518,8.90911,0.420833,0.141667,52204,35609
49.4451,11.7666,0.45625,0.277083,30689,9169
34.0395,7.31159,0.0416667,0.725,19498,43798
24.8139,5.05124,0.852778,0.334375,11232,26220
37.2191,19.0782,0.14375,0.321875,15698,48722
60.4492,3.06306,0.429167,0.216667,47738,15252
10.5836,19.101,1.0,0.438889,11705,36757
60.4359,3.52753,0.997917,0.497222,44887,6033
27.9637,4.5984,1.0,0.561111,55203,1607
10.4548,9.4766,1.0,0.3,8917,21687
36.5736,20.4656,0.897917,0.691667,16732,44141
17.1254,13.5184,0.0770833,0.558333,20460,41921
20.9292,4.2339,1.0,0.504167,34801,34561
40.9315,6.96668,0.408333,0.441667,45978,41196
10.2682,6.86569,1.0,0.35,16368,15914
33.9443,13.7517,0.711111,1.0,55609,26270
42.295,1.81742,0.270833,0.19375,30344,26156
34.5748,10.942,0.204167,0.929167,10185,50744
57.4436,11.8211,0.147917,0.0944444,30724,4593
64.4977,16.8437,1.0,0.144444,6843,13974
25.4566,5.00443,1.0,0.636111,34261,48113
27.4829,20.0513,0.347917,0.1,20427,45192
55.7653,5.48394,0.0638889,0.36875,33039,52250
51.3585,7.68894,0.566667,0.469444,18530,53658
48.6654,9.07065,1.0,0.947222,55653,39991
25.038,11.8255,1.0,0.209375,20569,40661
26.1753,13.3395,0.558333,0.358333,22794,39943
48.3967,6.19059,0.29375,0.275,16943,7084
29.212,1.5325,0.416667,0.852778,26351,3440
15.1162,16.9812,0.347222,0.338889,54580,55452
49.9039,16.3605,0.641667,0.266667,8174,13404
58.389,3.90872,0.252083,0.0555556,57478,30733
2.51439,1.07419,0.2,0.452778,25699,18895
32.7178,10.9595,0.464583,1.0,43690,10347
1.9453,17.1428,0.0638889,0.428125,46823,43962
51.7535,10.95,1.0,0.208333,290,56905
70.7544,18.3521,0.313889,0.335417,15437,10177
46.0775,8.85259,0.522917,0.327778,4967,5233
1.0078,7.33963,1.0,0.194444,16698,37411
8.21851,15.3495,0.177083,0.277083,43121,21300
55.2647,4.61095,0.0770833,0.544444,45928,35519
48.5525,17.6118,0.266667,0.777083,4739,35208
53.6659,1.91525,0.2625,1.0,12970,24305
13.0154,18.3021,0.427778,0.945833,24014,9563
5.77951,13.2072,0.995833,0.125,38568,35300
58.4504,3.73983,0.320833,0.836111,7530,24997
40.6253,20.5458,0.388889,0.141667,54935,9196
7.42496,14.584,1.0,0.527778,20991,41941
38.032,1.46372,0.722917,0.119444,12423,8154
76.2866,11.7745,0.154167,0.90625,37672,45705
34.0547,3.03034,0.20625,0.191667,55824,24728
75.6875,2.21288,0.633333,0.580556,18892,31297
10.6427,3.03684,0.7125,0.269444,1959,31822
28.9791,5.46411,1.0,0.358333,24649,11665
6.82557,1.10441,1.0,0.480556,12161,4225
49.4004,19.4818,1.0,0.111111,26458,20568
21.7288,15.1864,0.33125,0.375,29515,18510
30.362,8.54813,0.280556,0.0916667,29563,7457
34.4978,10.2644,1.0,0.116667,26850,43177
54.3145,1.28097,0.0979167,0.35,9190,10671
50.9711,8.67941,1.0,0.625,2504,27370
44.2434,25.7284,1.0,0.71875,22780,50524
52.3477,12.0753,1.0,0.304167,6615,52500
17.5717,14.3254,0.344444,0.280556,35915,40962
38.927,12.0727,0.602083,0.155556,38073,33387
27.3997,16.6408,0.325,1.0,14850,39595
14.9319,11.5925,1.0,0.261111,14898,50851
40.0825,8.97514,0.291667,0.308333,4468,6003
53.2106,8.1631,0.85,0.96875,39370,12056
23.7537,8.95594,0.155556,0.130556,49761,46606
64.8639,10.62,0.0895833,0.569444,39239,41861
40.5657,18.6247,1.0,0.497222,33222,2791
32.0218,8.09231,0.591667,0.939583,32218,40818
26.2208,6.72764,1.0,0.214583,34222,14152
24.6362,4.01922,1.0,0.558333,54834,3847
64.7542,8.72483,0.166667,0.408333,29919,24516
33.8986,6.42639,1.0,0.252083,41200,53327
31.2268,2.8881,0.575,0.275,10996,28434
22.9436,14.6394,0.533333,0.208333,9875,5154
28.9886,11.5406,1.0,0.527778,24029,30352
63.8633,9.15305,0.04375,0.519444,53009,15007
55.3492,3.34736,0.133333,0.575,33892,6841
23.1573,20.2908,0.127083,0.411111,55706,11849
47.5912,10.2897,0.841667,0.725,18585,45906
5.43297,8.36128,0.505556,0.136111,51871,9729
39.1053,3.23972,0.111111,0.266667,53880,43676
6.07214,8.7029,0.29375,0.875,14396,33088
69.5593,3.60584,0.522222,0.234375,32950,34719
14.2063,3.24399,1.0,0.129167,17776,38452
12.2938,7.10794,0.525,0.446875,43107,42455
21.838,9.62113,1.0,0.25,41331,29080
14.3708,13.2752,1.0,0.434375,23958,55614
53.037,6.62338,1.0,0.458333,41619,10404
25.2602,25.8974,0.241667,0.263889,20322,11795
44.2836,1.15973,1.0,0.265625,27099,25971
42.7624,31.5908,1.0,0.302778,42550,12792
34.8779,2.59984,0.26875,0.941667,13203,1303
4.04253,16.1897,0.152778,0.641667,46636,24555
16.7884,16.4889,0.4125,0.178125,33023,29893
23.9958,0.960651,0.180556,0.0888889,32625,4053
5.87335,2.92742,0.975,0.378125,25297,31079
14.4555,14.5157,1.0,0.355556,52161,27172
38.4078,4.94063,1.0,0.280556,13263,16440
44.0763,5.42538,0.119444,0.438889,43674,42890
26.6614,14.5113,0.91875,0.31875,5402,8773
10.0024,2.09843,0.677083,0.252778,18511,3612
26.9581,11.6183,0.0916667,0.308333,41654,44333
63.989,14.6808,0.666667,0.105556,28915,29875
12.7903,15.0738,0.872222,1.0,50016,42373
39.7443,16.0498,0.33125,0.472222,205,20996
31.139,5.73844,1.0,0.283333,40962,41457
67.3927,3.64211,0.158333,0.40625,17049,52843
5.39434,5.27233,1.0,0.330556,38986,3682
56.3586,2.35163,0.346875,0.258333,44700,51879
6.47005,16.0103,0.452083,0.119444,45832,48575
28.6299,16.6651,0.114583,0.0854167,1540,44792
1.55256,25.0113,0.133333,0.135417,47469,45945
27.6656,2.4403,1.0,0.514583,57448,47645
49.928,14.362,0.594444,0.325,22948,30591
34.2035,16.3471,0.280556,0.0777778,34267,339
41.6141,9.33804,0.295833,0.202778,34671,47624
24.5467,5.42296,0.985417,0.533333,45097,9558
26.4429,1.77479,1.0,0.45625,31103,38166
31.244,16.7804,0.885417,0.272222,8747,14496
39.6337,3.68167,1.0,0.325,41878,49867
42.7803,19.1978,1.0,0.394444,35846,13771
28.2495,0.0418372,0.316667,0.288889,51190,56163
64.1873,12.3632,0.90625,0.341667,41570,2917
38.2328,15.0799,0.558333,0.608333,40739,11719
17.7337,12.1017,1.0,0.21875,56028,28069
39.6932,15.4983,0.977778,0.616667,48461,36830
40.0405,7.71712,0.0833333,0.075,40971,30191
22.4264,4.01412,0.325,0.434375,651,37221
58.0294,6.75579,0.283333,0.111111,57009,14202
8.29939,26.1701,0.0770833,0.46875,35329,57460
65.8831,11.5622,1.0,0.834375,19382,38939
41.8826,14.5111,0.402778,0.433333,17898,34980
54.3239,5.7403,0.172222,0.841667,16075,3416
7.33532,3.50011,0.519444,0.136111,16294,46793
44.8025,14.8689,0.152083,0.284375,1343,30299
44.4532,8.91655,0.395833,0.305556,33013,34241
42.7557,15.0955,0.310417,0.547222,19403,55123
54.7939,14.2595,0.311111,0.45,44360,30844
21.5849,0.0308549,0.802083,0.269444,30071,32821
53.2521,5.46116,1.0,0.336111,24221,10818
18.6885,6.82896,0.2,0.536111,29827,1338
35.1861,17.4306,0.21875,0.136111,34211,5873
47.9085,19.5837,0.0666667,0.139583,9557,8300
11.6137,8.88875,0.0729167,0.105556,39133,32642
24.0203,3.11864,1.0,0.247222,10445,55591
17.8987,7.65595,0.075,0.258333,7080,24197
9.51783,19.8268,1.0,0.347222,51103,38834
7.63899,5.0981,0.13125,0.344444,25552,50083
48.466,3.01564,0.0604167,0.388889,11787,32262
54.0339,21.6901,0.755556,0.322222,40354,55455
35.4211,3.38751,0.589583,0.208333,54792,31296
20.5651,14.4024,0.0708333,0.163889,24274,56075
13.6303,12.653,0.164583,0.152778,340,7068
28.2706,18.7172,0.411111,0.714583,1056,32203
23.0949,9.78992,0.552083,0.408333,41893,20416
42.488,15.4475,0.664583,0.411111,38571,12875
22.5397,9.35551,0.0958333,0.402778,53534,2422
7.08366,13.392,0.339583,0.297222,4108,12671
35.6727,17.4316,1.0,0.605556,12278,47613
56.9659,9.00161,0.910417,0.0916667,8311,24720
19.0338,9.48519,1.0,0.190625,32223,33718
34.6019,16.1246,0.380556,0.127778,15562,38465
66.1193,3.85973,0.05625,0.122917,8284,36695
13.6355,6.49816,0.783333,0.191667,236,15855
35.755,17.9355,0.06875,0.230556,55258,929
21.7049,4.56111,0.279167,0.1875,15547,42748
51.9785,20.1583,0.35,0.686111,48023,3480
52.7484,6.04094,1.0,0.261111,50276,16435
1.28186,13.4821,0.241667,0.4125,56612,21815
11.2252,7.92419,1.0,0.78125,43113,7333
25.0853,5.20161,0.783333,0.791667,31113,44705
37.2966,3.59225,0.213889,0.0694444,45688,25521
27.3695,4.47194,0.261111,0.45,38153,20456
67.3993,14.8489,0.102083,0.588889,34851,42329
24.9969,13.8777,0.0958333,0.483333,33689,24864
7.8641,13.751,1.0,0.0944444,32817,56042
35.4211,5.18403,0.666667,0.1,54880,49772
16.6812,10.9832,0.135417,0.772917,25848,7761
58.9011,14.1019,0.277083,0.15625,42318,27558
55.2933,13.2761,0.10625,1.0,2200,37244
38.2783,2.40504,0.0520833,0.183333,449,36978
30.9103,21.7378,1.0,0.158333,20219,2518
8.46022,17.4312,1.0,0.469444,56347,56065
25.3118,8.04923,0.0875,0.295833,5293,39322
8.37057,8.13046,0.127083,0.0611111,16841,19015
19.9179,11.9969,0.0895833,0.945833,55411,20379
18.3086,10.7855,0.458333,0.227778,8202,49058
23.5628,8.76266,1.0,0.0833333,2014,22608
14.4902,3.60219,1.0,0.175,15349,35335
64.57,25.7249,0.729167,0.780556,5675,24444
61.5745,16.3872,0.322222,0.81875,23999,27921
69.179,18.4597,0.0854167,0.569444,2142,5583
5.07107,15.537,0.266667,0.152778,850,52324
40.9789,12.0167,0.129167,0.238889,13937,44388
43.7139,16.7276,0.2125,0.138889,39772,22480
57.9142,7.27826,0.825,0.325,45989,56751
50.9605,12.9591,0.397222,0.236111,31706,34656
13.1177,10.8719,0.604167,0.147917,24080,47162
28.0045,14.0658,0.2,0.325,54190,5742
10.3007,19.9673,1.0,0.169444,17148,25528
42.5635,1.69609,1.0,0.389583,17131,39291
22.0286,17.5916,0.34375,0.0805556,38018,45507
29.5578,15.0647,0.120833,0.405556,27176,42071
31.6643,6.89064,0.4625,0.53125,50197,51455
13.6992,1.62836,1.0,0.683333,40045,51038
7.22676,3.70772,0.141667,0.288889,56105,53511
39.516,12.6923,0.241667,0.577778,53821,44718
53.2486,14.1592,0.608333,0.202083,16361,11881
15.1499,10.3373,1.0,0.280556,28125,39288
12.8212,5.62706,0.172222,0.304167,12540,48257
60.1079,6.73908,0.463889,0.159375,18071,27378
26.9064,3.8834,0.664583,0.966667,4769,49758
36.9148,1.64276,0.452778,0.430556,10154,30944
35.5981,11.1251,0.820833,0.277083,35320,3080
28.9578,2.82157,0.5875,0.261111,44265,21443
48.1977,17.2781,0.1625,0.333333,2020,34587
44.5284,11.616,1.0,0.279167,49747,5773
32.0066,13.5477,1.0,1.0,27039,46696
28.0811,7.67842,0.730556,0.571875,53158,14978
18.6433,8.87242,0.0666667,0.164583,33072,8372
13.3737,9.4181,0.861111,0.183333,1284,42499
20.2021,14.4102,1.0,0.185417,46276,43853
22.1899,10.8679,1.0,0.305556,54375,30438
18.9676,5.15956,0.902778,0.116667,35065,40287
14.2677,8.73588,0.533333,0.179167,38641,38443
51.3631,2.1277,0.45,0.677083,34185,34578
19.9191,5.57661,1.0,0.372917,17511,34542
5.14081,22.7702,0.452083,0.797222,45104,21646
19.7584,12.3552,0.0729167,0.608333,23387,40834
2.47761,3.17907,1.0,0.658333,15879,2473
23.7822,12.0033,0.247917,0.522222,1784,39501
42.221,16.0152,0.894444,0.0777778,4966,37958
41.2195,13.3509,0.3375,0.261111,43818,3827
27.4967,22.0064,0.216667,0.95625,48871,6650
19.9171,5.96038,0.139583,0.14375,5962,17469
12.1088,5.39916,0.785417,0.161111,30329,12801
46.7863,22.0078,0.158333,0.713889,25622,11635
36.2002,12.0792,1.0,0.761111,25226,8395
42.2904,2.15529,0.191667,0.527778,50810,46193
14.9098,8.40439,1.0,0.283333,49812,55635
17.5946,12.7431,0.277083,0.275,5642,10511
10.9924,1.83793,1.0,0.1,33330,25385
43.5096,2.43338,1.0,0.644444,23197,35243
12.4223,4.16622,0.185417,0.383333,28318,15811
43.9117,15.0981,0.0854167,0.208333,42855,40097
16.0191,20.5282,0.30625,0.183333,25339,26914
28.3345,12.4147,0.425,0.158333,20590,37018
67.2159,14.3504,0.2375,0.180556,48308,56030
28.0223,0.700482,0.372917,0.441667,29179,33655
17.5906,4.57899,0.33125,0.213889,44720,24662
18.6359,5.2548,0.227083,0.797222,22396,41150
20.5684,4.6208,0.0895833,0.102778,49345,4503
56.3122,8.53694,1.0,0.238889,34438,14355
51.3322,2.2573,0.110417,0.311111,40437,19824
61.7179,11.3283,0.947917,0.183333,48465,1190
11.0315,14.0195,0.178125,0.436111,19141,52031
19.669,10.5663,0.05,0.216667,2933,24790
66.51,12.4716,0.075,0.108333,22675,19025
36.3572,6.19558,0.0729167,1.0,144,55738
64.4649,12.8637,1.0,0.3875,15089,26484
20.8403,21.81,0.104167,0.402083,24561,16528
15.2692,7.76292,0.3,0.144444,24998,49277
62.994,6.54726,1.0,0.708333,13886,2311
24.777,22.5592,0.133333,0.469444,55963,4088
58.1167,14.0674,0.45625,0.447222,4634,4887
33.8674,10.8199,0.375,0.175,7657,21236
57.8797,7.00072,1.0,0.294444,41876,10743
36.5931,0.521724,0.686111,0.133333,46555,39742
31.3156,15.6132,0.502778,0.805439,53571,984
42.8686,19.8868,0.09375,1.0,25459,33515
9.58226,4.41379,0.980556,0.288889,34491,2215
23.4969,7.56845,0.846875,0.609375,32614,22451
58.4141,1.3017,0.10625,0.0805556,12690,15047
21.5902,5.43952,0.258333,0.494444,26015,26247
6.45969,10.9727,0.658333,0.325,8553,50818
50.0524,6.65108,0.55625,0.25,40707,50639
26.9661,8.13988,0.291667,0.458333,10805,24194
34.4888,10.8634,1.0,0.514583,28482,55240
94.0329,7.68805,0.295833,0.295833,45452,27128
65.6231,2.31597,0.272222,0.335417,26995,7285
32.9817,2.60259,0.241667,0.575,19359,26786
49.4759,14.705,0.533333,0.61875,23983,23813
14.0277,6.61746,0.33125,0.15,6993,39137
7.4777,13.6765,0.0979167,0.4,4262,22373
48.5086,11.4645,1.0,0.227083,38719,46343
20.1603,19.2431,1.0,0.475,22933,25642
33.9979,11.2368,0.391667,0.119444,18152,31254
21.8442,3.01619,0.319444,0.0611111,3879,9263
49.885,12.2758,0.719444,0.508333,56418,40169
12.7323,18.4004,0.495833,0.1,19881,47734
60.9193,16.0008,1.0,0.2,5732,33318
29.6592,9.65622,0.241667,0.508333,47898,15905
71.1537,16.8113,1.0,0.438889,28655,38230
70.5726,0.0215814,0.188889,0.605556,46409,40867
47.0809,10.0684,0.102083,0.727083,214,37683
6.85819,17.4699,1.0,0.355556,37784,19126
13.6441,10.4114,0.516667,0.477083,50038,39853
7.26969,24.8861,1.0,0.0916667,38718,33854
0.741939,15.0273,0.7375,0.390625,3632,42815
49.6046,10.2669,1.0,0.227778,11505,33247
27.8815,9.0059,1.0,0.358333,17921,42230
50.8764,16.4812,0.820833,0.114583,48915,43860
51.473,11.4227,1.0,0.238889,49625,13963
55.045,16.3384,0.636111,0.352778,20047,10255
26.778,11.3256,0.125,1.0,33117,49244
11.2809,2.20517,0.436111,0.23125,3716,12119
31.9026,6.71955,0.35,0.358333,44032,17976
31.1557,8.90826,0.366667,0.388889,13991,22046
42.5005,18.8701,1.0,0.702778,39501,56382
22.7313,15.0292,0.419444,0.891667,26823,1765
33.8453,2.18194,1.0,0.461111,41011,27502
35.075,10.5787,1.0,0.3625,44788,25583
18.0755,13.5451,0.625,0.172222,12812,56329
25.3082,9.8054,1.0,0.128125,25212,3061
30.752,16.8776,0.313889,0.486111,26590,22680
3.39758,3.1284,0.529167,0.369444,22777,2352
14.9011,1.3261,0.0708333,0.330556,35588,7945
37.1361,12.7748,0.1,0.394444,44221,24582
11.3144,7.92133,0.120833,0.341667,46531,51390
42.1284,0.807822,0.660417,0.391667,17085,20954
23.6286,3.8324,1.0,0.169444,47616,9619
60.242,3.20547,1.0,0.333333,22547,40364
65.935,4.27971,0.341667,0.835417,7698,40582
51.7581,6.78052,0.675,0.533333,24198,7316
71.6798,10.044,0.0416667,0.172222,51596,8188
64.5795,10.1881,0.4625,0.188889,42606,47685
64.823,4.44317,0.166667,0.419444,14121,7417
13.0469,15.0169,1.0,0.65,53058,17258
47.8895,12.3626,1.0,0.9125,52239,7689
4.93703,19.4022,1.0,0.180556,15741,21526
67.636,13.8357,0.6,0.288889,301,50206
16.411,9.07463,0.197222,0.108333,44550,47912
42.4201,17.7311,0.222222,0.19375,26264,30538
57.7529,14.8536,0.2875,0.435417,7426,536
31.0566,12.6838,0.916667,0.516667,48973,13791
46.5272,9.93396,0.214583,0.25,34505,816
34.7317,9.46187,1.0,0.09375,6719,8039
57.2256,14.801,1.0,0.525,14403,4944
32.9017,16.2765,0.472917,0.2,50473,34486
27.3212,3.96261,0.14375,0.220833,54001,47959
70.6692,6.78956,0.169444,0.216667,35028,15175
13.6751,3.29366,0.116667,0.372222,21751,19335
32.8433,7.13296,0.225,0.255556,8801,11033
19.8015,19.7542,0.41875,0.278125,54361,26652
13.9896,6.14892,1.0,0.569444,43305,37031
10.4683,12.051,0.833333,0.06875,57368,19665
25.9571,11.0077,0.120833,0.547222,56177,49615
50.4576,11.5582,0.75625,0.294444,56674,5207
13.4531,14.99,0.760417,0.177778,410,49878
9.13299,14.9111,0.291667,0.372222,22432,33291
53.162,2.64513,0.766667,0.658333,52091,10040
54.3057,10.189,0.519444,0.3125,963,53273
22.3193,13.0291,0.972917,0.4875,36978,37939
25.9533,8.12392,1.0,0.330556,22926,52341
31.8353,4.18176,0.39375,0.075,18660,54716
85.4912,10.9831,0.563889,0.263889,35982,50995
5.366,0.482049,0.102083,0.197222,5565,25197
5.36935,2.88846,0.183333,0.053125,17576,31469
55.2133,9.06856,0.680556,0.35,45835,22404
28.0645,6.27565,1.0,0.447222,36094,30798
33.4516,5.52568,0.411111,0.275,33511,11413
68.2176,20.6224,0.0416667,0.291667,18844,44406
65.0857,15.4369,0.3625,0.113889,44667,40313
24.7042,17.7193,1.0,0.55625,40948,46484
16.3051,13.8143,0.88125,0.4125,47947,35486
9.44596,13.8152,1.0,0.480556,21589,54231
32.245,4.19004,0.114583,0.310417,2026,3504
44.7793,15.4471,1.0,0.191667,25445,21008
65.5935,11.1285,0.202083,0.0833333,32852,19219
37.9919,20.812,1.0,0.0777778,9880,40422
49.2095,20.3249,0.919444,0.5625,47737,18390
21.1337,11.7402,1.0,0.325,55582,6830
4.81905,12.3857,1.0,0.480556,13194,41699
24.2134,5.92078,1.0,0.0861111,54546,13789
48.5634,7.85799,0.3125,0.111111,56522,25291
28.6983,22.5682,0.45625,0.447222,48087,36114
35.3278,12.4329,0.389583,0.320833,52902,7606
25.6277,15.2361,0.266667,0.322917,49268,46796
50.3669,11.8287,1.0,0.672917,21180,21702
40.5849,5.0444,0.191667,0.344444,34894,11873
45.2742,14.2315,1.0,0.1625,32875,54036
13.1215,4.56697,1.0,0.183333,32765,45542
49.2483,12.0505,1.0,0.372222,46578,19908
30.8308,8.7781,0.135417,0.0888889,36973,53240
23.3935,0.769926,1.0,0.261111,41312,30077
13.3266,7.42972,0.539583,0.129167,4225,14490
35.0431,8.89021,0.513889,0.0708333,11972,41096
11.2064,15.9563,0.161111,0.305556,54116,32799
38.8225,10.7013,0.819444,0.136111,26021,35844
19.9426,7.46629,1.0,0.347222,34732,13112
24.7714,16.1566,0.995833,0.33125,17330,6822
30.8302,9.13279,0.69375,0.133333,55154,11054
11.1201,2.96941,0.514583,0.483333,23303,51384
9.37004,3.63333,0.377083,0.294444,13048,56392
44.0703,3.78741,0.997222,0.113889,51042,5487
52.4875,0.778964,0.585417,0.344444,42539,52745
65.0605,5.13393,0.416667,0.0833333,35215,20661
43.4028,5.16771,0.413889,0.534375,1002,46238
27.2469,9.80548,0.06875,1.0,33083,25704
6.99604,14.0808,0.869444,0.188889,17090,41671
54.9904,15.743,0.0875,0.258333,31364,4770
9.31641,7.24123,0.397917,0.128125,29097,50710
24.2311,1.98316,0.655556,0.222222,1727,21732
51.2535,14.5231,0.666667,0.566667,54031,29750
26.421,3.91066,0.995833,0.241667,14621,21146
19.754,16.8034,0.102083,0.222222,9454,50728
34.8424,17.8533,0.272222,0.205556,26584,49306
55.5648,7.84218,1.0,0.661111,28724,24988
25.1239,14.3224,0.585417,0.488889,14708,228
29.2611,0.672724,0.322222,0.566667,3146,5411
9.97442,6.3995,0.991667,0.158333,46641,40133
54.3111,4.03053,0.247917,0.725,16504,31585
21.1906,12.4446,0.479167,0.361111,47936,53360
12.4091,23.9448,0.464583,0.505556,53861,21892
22.4986,19.1904,0.252083,0.195833,25347,16589
39.6231,5.58217,1.0,0.95,25260,5514
17.8393,23.3725,0.2,0.466667,29470,5110
42.7492,9.86243,1.0,0.770833,54388,11498
19.2762,11.5005,0.227083,0.219444,46385,42947
44.2707,9.66075,0.35,0.297222,18411,33057
37.5555,0.639976,0.391667,0.229167,18261,54293
3.908,14.3387,0.54375,0.930556,47685,7850
24.1668,16.4184,0.35,0.144444,49799,39743
25.6517,15.1944,0.245833,0.894444,10231,20270
12.6517,17.6066,0.416667,0.425,4470,4304
63.2018,7.3377,0.841667,0.413889,37951,12336
25.9558,12.5013,0.177083,0.402083,9255,55468
50.3209,11.7766,0.78125,0.0805556,32592,213
19.5557,12.6044,0.18125,0.327778,40871,7562
8.03931,6.77732,1.0,0.0854167,39498,12737
21.2829,4.18811,0.133333,0.304167,38870,53723
2.89174,2.37776,0.4625,0.502083,27809,20938
38.3826,6.73024,1.0,0.116667,1818,39076
42.1565,6.23371,0.185417,0.116667,24782,49781
24.0135,5.69752,0.0395833,0.23125,13289,15166
24.9616,15.8799,0.196875,0.0916667,2191,54947
15.1297,10.0819,0.208333,0.102778,36052,45051
44.784,24.6841,1.0,0.295833,26061,41475
49.7135,6.7578,1.0,0.108333,40597,34528
46.0556,0.0690901,1.0,0.33125,45684,24301
10.4276,11.3079,0.991667,0.966667,1539,31068
29.1238,16.8757,1.0,0.0972222,4413,53778
11.751,10.0295,0.75,0.363889,38176,38921
22.548,10.5175,0.560417,0.858333,12248,41957
46.0063,9.64455,0.319444,0.2,8635,40876
48.2695,3.06609,0.3375,0.0729167,19713,9253
26.4712,7.72981,0.739583,0.596875,8132,50427
15.748,13.5637,0.458333,0.905556,35169,12541
9.86683,13.1481,1.0,0.652778,4676,8145
53.9507,10.1919,0.997917,0.3,3783,43656
51.7698,18.7289,1.0,0.547917,36016,38226
10.9117,7.28512,0.0354167,0.80625,25859,26670
17.2209,13.3443,1.0,0.441667,51390,45429
14.288,12.0206,0.0805556,0.580556,7186,11278
23.8471,6.47994,0.54375,0.0979167,53491,3487
33.0577,5.67557,0.358333,0.44375,15101,5318
84.3886,7.15258,0.875,0.65,16487,48774
21.9464,19.6189,1.0,0.575,390,44472
5.20249,16.7394,1.0,0.466667,30876,25921
15.9598,0.964582,1.0,0.9,11415,21671
48.1962,4.06294,1.0,0.716667,41679,49689
7.84912,4.44133,0.24375,0.194444,1643,30291
13.4989,1.36446,1.0,0.583333,56855,40794
58.3006,5.53383,0.261111,1.0,28447,55992
16.7754,6.00995,0.285417,0.241667,24327,29533
44.6073,2.83378,0.269444,0.155556,6160,37597
35.3564,6.58949,0.429167,0.372222,46688,11878
58.9854,17.2398,0.122917,0.108333,14554,44147
70.2236,10.384,0.952083,0.0861111,18317,43894
24.8918,9.53985,1.0,0.994444,49341,18699
29.7206,6.72777,1.0,0.280556,38064,33894
15.2727,12.9157,0.3625,0.45,9922,20316
50.9231,4.19255,0.2875,0.530556,4222,9496
9.01284,11.0002,0.797917,0.219444,36735,43436
34.2107,6.86299,1.0,0.425,42433,47423
10.2024,9.06568,0.360417,0.594444,32028,9797
12.0501,3.81082,0.247222,0.379167,3405,29554
28.2445,8.5002,1.0,0.98125,19385,57263
27.0832,13.1636,0.964583,0.625,55371,41464
22.3025,14.8529,0.470833,0.119444,2717,488
58.9575,10.6789,0.23125,0.421875,3815,5592
28.9946,1.76969,0.65,0.430556,57445,5335
77.0927,0.765371,1.0,0.313889,41458,24644
40.9616,16.8934,0.527083,0.16875,18444,23525
41.186,7.69663,0.49375,0.210417,51761,507
55.2906,16.6538,0.154167,0.65,25674,33321
28.2251,4.13349,0.390625,0.105556,22007,32852
80.2238,18.6044,0.885417,0.9,56827,23690
27.3931,4.90154,0.608333,0.229167,43588,44190
16.7533,3.96254,0.994444,0.053125,19342,45940
75.4939,2.33347,0.858333,0.941667,9342,39217
22.7058,11.8937,0.869444,0.172222,3422,44244
71.672,4.58391,1.0,0.288889,11821,3176
65.5036,14.1183,1.0,0.841667,7224,36254
44.1691,11.8895,0.166667,0.394444,2450,44267
72.3404,11.7512,0.2,0.1,55578,54822
20.3648,13.8929,0.380556,0.322222,42454,5736
47.7673,1.06989,0.13125,0.220833,41517,45349
14.6587,4.54083,1.0,0.255556,27987,53077
12.451,5.89693,0.335417,0.308333,8106,49568
45.9878,11.5344,0.336111,0.483333,48353,18291
0.804475,11.4187,0.447917,0.220833,35382,43230
71.8701,9.53848,0.405556,0.18125,28874,17880
44.3711,4.20169,0.35625,0.586111,32548,6007
29.7157,4.562,0.20625,0.24375,25414,41642
57.3447,9.44307,0.304167,0.252778,20105,26906
37.0138,2.79623,0.997222,0.111111,5888,31276
34.9519,17.6736,0.863889,0.336111,56491,37614
68.9296,12.924,0.769444,0.41875,17579,51334
78.1157,5.71186,0.791667,0.433333,28933,3237
42.2309,13.803,1.0,0.0666667,34829,5263
21.4053,16.3456,1.0,0.427083,12522,25919
32.2148,3.08449,1.0,0.05625,26473,13668
27.1087,17.0842,0.188889,0.0972222,5913,50931
21.5932,12.2159,0.186111,0.508333,6341,38403
47.5707,15.2732,0.08125,0.183333,27925,34099
36.8075,3.1448,1.0,0.752083,19578,34582
63.7115,3.22707,1.0,0.70625,38970,42215
55.1592,8.14822,0.158333,0.602778,28264,33946
70.6151,5.74061,0.452083,0.158333,385,50886
8.78086,13.9771,0.925,0.397222,1821,45206
32.3796,11.3103,0.489583,0.666667,41671,47834
34.9951,9.39713,0.222917,0.311111,42151,11626
16.601,12.2126,0.161111,0.189583,1342,46517
44.2911,8.97786,0.252778,0.335417,47227,55251
31.6303,22.573,0.739583,0.234375,38417,35872
56.6972,3.06055,1.0,0.0694444,34559,26255
48.4181,6.53502,0.997917,0.263889,7973,41305
8.36409,9.66064,1.0,0.330556,11394,32363
36.8817,16.6933,0.989583,0.702778,40720,30999
64.4815,14.4025,0.970833,0.0972222,15577,55276
0.449076,20.6175,0.0972222,0.211111,39283,4954
41.9527,15.725,0.994444,0.2125,52386,56194
41.5329,6.59632,0.930556,0.515625,4512,19694
31.5845,3.10572,1.0,0.766667,48375,35529
34.9268,9.66575,0.927083,0.175,37795,49007
29.4746,2.45318,1.0,0.314583,5456,56725
10.6329,12.6303,0.125,0.302778,54181,15248
27.7075,16.8693,0.902083,0.59375,29330,19353
38.5076,5.56834,1.0,0.108333,36319,39896
18.7254,11.9363,0.960417,0.658333,36538,25027
51.7353,17.4821,1.0,0.675,41192,35816
7.94914,9.80176,0.879167,0.947222,14689,28593
61.2386,4.40608,0.75,0.338889,9611,26643
58.0124,8.18034,0.127083,0.872917,30510,46276
30.5582,9.14573,0.686111,0.220833,4299,34632
43.9836,12.3078,0.55625,0.35625,20402,10931
49.6168,19.6657,0.333333,0.402778,24243,15075
73.4784,9.34217,0.633333,0.688889,48757,13035
42.3455,9.84007,0.685417,0.714583,38478,51878
52.9047,12.5465,1.0,0.16875,13242,27741
39.3916,13.0582,0.760417,0.0972222,55660,15897
14.5585,12.2461,1.0,0.516667,15773,35148
33.3529,17.7113,0.913889,0.169444,52055,54420
65.0062,5.12496,0.225,0.486111,11416,23563
5.28734,13.9078,0.0833333,0.0861111,172,29374
34.2909,20.2341,1.0,0.447917,2193,55489
34.8904,6.58607,0.933333,0.502778,9558,14009
68.3256,6.30615,0.3,0.190625,19545,27995
19.5183,2.43361,1.0,0.916667,10484,15339
29.9845,17.9228,1.0,0.244444,28994,55502
61.2629,6.34879,0.0861111,0.255556,44661,12697
10.7593,7.58762,1.0,0.383333,45892,6431
16.6401,14.1089,0.636111,0.163889,26346,47755
25.0551,11.9919,0.375,0.661111,42505,1233
10.0263,13.6402,0.966667,0.0583333,15158,50081
40.7435,19.2459,1.0,0.53125,9923,57064
35.1977,13.3982,0.2125,0.183333,39196,51703
23.0999,5.84857,0.0729167,0.766667,24512,50561
42.6524,8.81987,0.979167,0.46875,53871,56991
20.8555,3.96265,1.0,0.269444,38477,4978
27.102,7.38854,0.11875,0.275,45278,38945
35.1171,8.39613,1.0,1.0,46866,9222
6.02435,4.06774,0.202083,0.15,25707,40718
51.4631,10.9274,0.947222,0.075,55911,27070
53.0182,10.2744,0.388889,0.24375,5066,53266
11.7341,1.29781,0.172917,0.377778,12322,32045
50.484,25.8097,1.0,0.1,21268,575
29.7437,13.234,0.435417,0.36875,7337,50971
39.9927,1.8454,1.0,0.288889,39055,57225
26.6974,14.6413,1.0,1.0,9839,21527
52.9562,6.96378,1.0,0.564583,28048,30140
52.2742,7.11764,0.325,0.661111,55356,44144
30.5719,16.4297,0.285417,0.352778,54568,19357
48.5187,6.02367,0.308333,0.613889,15169,29819
11.8438,22.2391,0.458333,0.466667,4551,28946
65.8852,7.70537,0.541667,0.355556,38859,17285
81.8049,9.7542,1.0,0.397222,34528,4702
43.1055,6.15808,0.360417,0.361111,470,15451
78.0093,11.5131,0.202778,0.766667,52781,28567
46.4225,8.13628,0.258333,0.488889,44389,46070
22.8843,13.5967,0.0666667,0.158333,55855,18820
52.8841,16.4541,0.447222,0.763889,13833,34872
40.4265,8.81904,0.7125,1.0,2620,953
36.6498,15.0779,1.0,0.18125,42304,28128
39.4126,6.49611,0.816667,0.477778,44606,4294
35.0491,8.89294,1.0,0.277778,39396,48171
10.7941,5.39658,1.0,0.216667,37943,34548
20.846,4.04122,0.235417,0.075,31552,37498
54.7648,10.682,1.0,0.122222,56559,49672
26.5799,2.53616,1.0,0.402778,49051,9426
24.1148,18.8849,0.252083,0.31875,46414,51302
51.877,16.7067,0.302083,0.3375,1481,31524
6.53802,2.208,0.05,0.205556,46397,4620
13.3441,18.0338,1.0,0.538889,40689,20816
52.3975,11.2937,1.0,0.819444,24654,39668
5.45361,15.6622,0.0916667,1.0,34081,35089
45.2174,5.59215,0.872917,0.730556,15597,28467
54.9154,4.0525,1.0,1.0,44628,21113
11.2036,16.2933,0.494444,0.280556,55952,15673
9.672,7.84036,1.0,0.628125,29547,43329
63.2864,1.09653,0.988889,0.141667,7686,44025
24.7252,5.96993,1.0,0.272222,42509,21118
52.5553,13.1673,0.260417,0.38125,32401,12726
10.1548,7.86327,0.125,0.327778,26018,8331
46.5352,18.0744,0.129167,0.419444,8595,4797
15.3994,3.47935,0.639583,0.144444,19400,17669
47.2069,2.95631,0.497917,0.825,54160,16929
60.898,16.1406,0.0583333,0.297222,8873,47054
47.9453,4.96065,0.247917,0.460417,4486,18581
20.3484,4.16618,0.229167,0.340625,13989,17568
7.98701,10.2704,0.0770833,0.686111,47543,3586
42.7997,9.30874,0.39375,0.286111,20737,29324
48.748,3.73444,0.135417,0.583333,32967,45259
25.0232,7.54374,0.45,0.925,52976,25221
15.2218,9.48957,0.265625,0.303125,33937,49492
21.2592,3.16823,1.0,0.665625,18476,43567
31.5465,7.74507,1.0,0.325,4718,45802
15.7676,9.65015,0.660417,0.414583,12609,56238
14.9084,2.13498,0.925,0.441667,13942,20227
19.4648,11.691,1.0,0.222222,19117,33702
31.472,11.3708,0.636111,0.103125,41992,40073
23.1014,8.67511,0.420833,0.111111,31489,14367
45.1643,15.8627,1.0,0.0645833,53068,26244
49.9801,7.19898,1.0,0.390625,25060,8412
7.92636,4.34083,1.0,0.616667,53836,27987
43.7666,11.7127,0.5125,0.636111,46845,38931
52.5947,11.0084,0.0666667,0.294444,28625,9227
41.8755,8.15605,1.0,0.641667,53950,15991
14.3297,7.92826,0.0375,0.4,45608,20356
40.773,4.99986,0.35,0.383333,52252,29146
37.5773,12.7888,0.710417,1.0,20502,25499
5.95043,14.5374,0.663889,0.0833333,31492,46728
8.8639,5.24231,1.0,0.3,38662,4721
41.1582,13.3529,0.258333,0.579167,47480,14280
16.5252,8.32023,1.0,0.636111,27939,29219
38.503,5.62062,0.3,0.85,45310,18913
32.5908,8.66463,0.154167,0.397222,56336,35656
55.3264,2.01096,1.0,0.366667,33278,47260
75.3821,0.642423,0.075,0.544444,35284,46418
47.1853,11.4706,0.513889,0.325,36870,23948
22.8298,1.76252,0.0854167,0.475,47475,3706
78.8334,17.19,0.71875,0.294444,46075,20692
14.3599,5.50895,1.0,0.2,13508,50067
7.34707,9.27159,0.264583,0.377778,46528,980
34.0396,10.4204,0.33125,0.241667,7338,19845
72.0243,14.8468,0.227083,0.405556,56501,10682
57.3135,4.92539,0.0875,0.391667,37729,49262
30.0522,14.7594,1.0,0.335417,35077,3261
43.4925,3.99634,0.26875,0.363889,54091,39047
58.6935,3.71072,0.764583,0.394444,28194,37449
39.8612,2.63896,0.0770833,0.541667,37485,40823
44.9534,4.42749,1.0,0.338889,40909,20391
5.27883,16.8944,0.808333,0.255556,32386,48742
40.1259,7.99782,1.0,0.3,47540,51413
84.2865,10.0505,0.15,0.179167,10728,8172
43.0029,11.9867,1.0,0.216667,42064,9082
5.37521,6.82786,0.0527778,0.5125,4204,12944
56.0239,13.6497,0.95,0.119444,3187,14471
5.59725,4.79787,0.204167,0.177083,16369,41524
35.2685,13.24,0.16875,0.280556,25594,50140
77.0837,19.2151,0.2375,0.641667,18642,29304
16.3238,12.3932,1.0,0.355556,34243,31076
19.8371,4.19338,1.0,0.375,55157,57452
27.3328,1.37954,0.469444,0.758333,21969,25609
43.6435,13.0768,0.0833333,0.935417,10369,12646
37.9023,1.68704,0.208333,0.383333,53531,3859
58.4796,12.8082,0.527083,0.502778,51630,8544
55.899,17.6634,0.860417,0.163889,53588,31629
55.955,20.5407,1.0,0.127778,36291,45578
50.9039,16.659,0.2375,0.235417,50040,38415
11.8763,24.1325,0.139583,0.15,42717,51454
42.1263,2.71095,1.0,0.372917,46839,43864
12.5692,13.6557,0.211111,1.0,46662,8416
35.3238,9.60413,0.0625,0.0791667,26825,29393
49.9198,7.89791,1.0,0.178125,38301,353
18.8071,20.4302,0.6875,0.230556,3492,45213
29.9286,4.51044,0.583333,0.327778,11288,45168
24.865,18.2841,0.464583,0.279167,43232,43025
14.7523,13.7624,0.514583,0.475,14881,41
66.3625,9.08917,0.711111,0.580556,40265,47828
28.5607,10.313,1.0,0.752778,47097,36631
62.1405,4.98598,0.254167,0.73125,51754,5156
15.4506,5.27566,1.0,0.3,2257,50831
51.8721,8.829,1.0,0.247222,55486,37817
10.7802,1.43603,0.233333,0.394444,33587,37822
47.1654,1.51315,0.116667,1.0,27456,5470
37.8818,16.7523,1.0,0.875,56155,10365
8.99299,9.69038,0.65,0.0611111,38975,42442
53.718,3.74272,0.44375,0.45625,2797,19905
51.2752,0.586501,0.541667,0.26875,15807,40678
48.3567,7.2158,0.09375,0.580556,32673,31453
35.785,10.8383,1.0,0.760417,20792,44223
27.591,3.43295,0.361111,0.116667,20674,9303
0.972253,16.0643,0.897917,0.303125,682,30243
11.3489,6.75111,0.23125,0.909375,33880,32191
18.3478,3.15606,0.127083,0.705556,49976,23060
25.237,14.7438,0.44375,0.2125,9445,14340
53.9551,11.7304,0.5,0.133333,1732,5086
14.3255,2.218,0.127083,0.488889,28133,48578
24.8954,16.9271,0.189583,0.365625,13706,37035
56.1736,10.9893,0.620833,0.936111,44002,25730
52.675,11.7361,0.991667,0.827778,5532,32918
44.5758,16.0995,0.327778,0.802083,32319,47669
0.326556,1.80512,0.497917,0.683333,40975,29604
25.1065,16.6623,1.0,0.736111,32068,38462
5.97739,12.2502,1.0,0.183333,36797,44264
16.9919,14.9413,0.127083,0.6875,41429,56234
5.82709,9.05401,0.566667,0.39375,22126,31224
25.4137,10.1545,1.0,0.241667,13831,30522
0.54326,10.8586,0.4375,0.166667,7347,1420
34.2615,13.8476,0.770833,0.516667,4,55859
43.5216,13.1029,0.383333,0.483333,20863,14682
60.8683,16.8687,1.0,0.138889,41406,34217
1.07884,6.13723,1.0,0.325,38070,27109
20.0488,20.1184,1.0,0.753125,5126,13408
62.1998,1.91416,0.03125,0.275,24163,52880
36.8302,18.9068,1.0,0.341667,50809,38528
25.0796,5.85088,1.0,0.116667,55796,56202
41.4072,14.6055,1.0,0.172222,4474,46463
9.49315,11.2433,1.0,0.216667,11746,43593
51.6627,6.5703,1.0,0.116667,57388,57096
46.5934,13.7695,1.0,0.15,10470,8953
45.1851,15.1638,0.129167,0.208333,3502,28659
54.276,12.0666,1.0,0.225,39518,30780
45.9152,12.66,0.15625,0.241667,28037,54832
16.3633,6.77092,0.0625,0.178125,56660,18637
22.7613,4.51334,0.560417,0.533333,56137,38441
48.2794,13.2015,0.122917,0.375,55267,39325
67.1159,11.985,0.902083,0.888889,2965,53063
18.3415,5.41994,0.4125,0.814583,23809,39437
20.5104,3.33954,0.480556,0.0888889,14287,15590
15.4605,17.3584,0.108333,0.264583,18779,5343
16.0965,6.98718,1.0,0.147917,7930,32901
15.4013,7.40274,0.0583333,0.258333,7465,17504
48.4017,11.6497,0.33125,0.180556,40622,15016
17.706,2.53832,0.102083,0.191667,24301,45574
42.3983,5.72071,0.247917,0.0833333,36177,53277
35.7782,5.88267,0.0916667,0.861111,25125,39335
39.6127,3.27556,0.922917,0.275,51269,7682
57.139,14.8285,1.0,0.491667,13498,21728
77.4948,10.8853,1.0,0.225,32260,36047
27.2713,5.52171,0.435417,0.40625,49814,47296
12.5436,8.76033,0.0375,0.244444,56291,39592
45.7566,4.08108,1.0,0.769444,35041,22475
4.96233,19.2641,0.329167,0.5125,50594,36350
41.982,9.64647,1.0,0.758333,20064,51901
20.8608,7.25682,0.464583,0.375,43846,55785
61.0117,12.4737,0.220833,0.638889,4662,37319
20.1962,8.48065,0.075,0.163889,49021,2408
30.2591,12.7554,0.244444,0.944444,19012,12643
23.0538,4.62241,0.216667,0.459375,20877,20841
6.39849,13.7951,0.897917,0.186111,22485,27916
37.0808,17.2878,0.375,0.2,19227,12887
39.4036,13.8541,0.1,0.819444,40255,10985
31.9125,16.4108,0.530556,0.147222,54187,12947
12.1925,5.69322,0.402778,0.255556,36579,18674
18.5475,13.6043,1.0,0.075,17047,34514
41.0219,11.708,0.144444,0.729167,23047,5078
46.3157,14.6199,1.0,0.125,3139,15925
14.6905,4.17319,0.075,0.483333,29053,35105
15.4134,11.9256,1.0,0.1125,52718,24131
10.669,10.4717,0.19375,0.159375,15905,25109
46.6706,12.2238,1.0,0.236111,52213,51672
40.833,10.6723,0.733333,0.3875,17692,29515
22.1075,10.1585,0.460417,0.5125,12482,3758
34.0806,10.649,0.386111,0.269444,30631,52507
27.983,19.5141,0.291667,0.239583,22479,26041
36.0136,1.2727,0.766667,0.45,52167,47212
62.7625,17.3433,1.0,1.0,53638,36090
62.0548,1.59331,1.0,0.163889,5733,1801
19.6806,8.97039,0.229167,0.929167,33973,49634
30.2405,4.234,0.314583,0.416667,57230,11242
11.2143,3.34571,0.358333,0.725,47166,20622
51.9855,10.422,1.0,1.0,6235,28526
9.22185,16.1903,0.427778,0.234375,16928,38649
20.1171,14.8514,0.202083,0.1625,10128,27851
2.47013,3.59162,0.98125,0.625,19003,42743
1.87908,9.38605,0.708333,0.275,20997,42309
29.123,10.7311,0.997917,0.641667,20979,9375
64.6344,6.66329,0.44375,0.690625,55415,42637
51.2557,6.87206,0.979167,0.130556,26102,47182
35.4002,6.54841,0.920833,0.0916667,32329,33256
16.1847,13.5711,1.0,0.185417,27805,31975
67.8698,18.2924,0.183333,0.305556,11628,25341
26.0375,2.82796,0.26875,0.189583,43165,36436
63.4277,6.82347,1.0,0.989583,45172,4571
35.1654,6.11075,0.175,0.488889,3924,41135
27.4916,7.333,1.0,0.190625,46945,28465
1.98676,8.26541,0.0625,0.719444,49119,4391
54.1091,7.99082,0.0916667,0.427083,23613,38506
25.9643,14.85,0.3375,0.2,3649,45325
4.50123,5.27326,1.0,0.0833333,56067,8209
41.8231,8.59113,0.204167,0.127778,11778,31727
41.1548,20.6684,0.127778,0.244444,49273,23535
52.3246,8.61306,0.463889,0.544444,8179,49505
12.2188,1.47856,0.977778,0.227083,39876,5463
61.3755,16.8531,1.0,0.23125,53734,12005
48.0166,6.93768,0.464583,0.494444,6757,6191
68.2773,10.5811,0.302083,0.522222,19757,22492
40.3786,2.52161,1.0,0.23125,31174,11982
24.4874,1.08014,0.0520833,0.0972222,22379,56333
35.7984,14.6705,1.0,0.211111,56351,25205
21.1882,6.03087,0.916667,0.645833,44199,6411
54.4419,7.79986,1.0,0.266667,21190,39416
3.90731,7.75918,0.302083,0.475,2557,44430
52.6661,8.52666,1.0,0.138889,13324,2202
12.2478,21.2436,0.260417,0.275,40961,23058
25.6766,6.91246,0.30625,0.722222,44507,6290
36.8441,1.67633,0.261111,0.544444,38897,39263
29.3415,14.0538,0.160417,0.630556,38915,9250
10.6831,19.2245,0.325,0.591667,47522,21520
45.7968,17.4811,1.0,0.25,23067,3248
50.4386,16.0386,0.344444,0.194444,30182,17901
45.2636,7.24009,0.96875,0.0888889,34006,29258
12.3991,13.1202,1.0,0.425,13614,49869
20.5046,18.719,0.147917,0.580556,37287,50948
34.4289,15.8765,0.136111,0.0666667,55617,37893
19.6654,8.49177,1.0,0.572222,4132,43954
11.4827,20.805,1.0,0.434375,53583,55287
58.8218,5.90448,0.14375,0.7875,53853,10137
21.172,14.3735,0.0458333,0.554167,4937,20777
66.4294,1.54297,0.810417,0.760417,14160,5930
29.766,1.56662,0.172917,0.73125,33914,35395
10.7059,9.0265,1.0,0.710417,34862,55106
33.4548,4.78117,0.0944444,0.6125,16667,35133
27.0738,5.34215,1.0,0.34375,52654,11781
21.3015,15.4036,0.320833,0.197222,20707,27538
15.4637,11.7612,1.0,0.291667,6658,38113
36.9592,8.1471,0.483333,0.15,19623,40380
16.3805,15.6672,0.594444,1.0,50654,8788
38.848,10.7694,0.435417,0.25625,12807,11448
34.72,12.0682,0.266667,0.8,34921,37488
29.8099,24.9328,1.0,0.183333,56248,20727
61.5056,6.57939,0.280556,0.404167,12922,56606
14.8923,15.3915,0.308333,0.458333,27164,7341
56.9188,18.9573,1.0,0.605556,46639,5301
37.5942,3.02771,0.0791667,0.508333,19817,41568
25.2401,7.54958,1.0,0.7375,21500,39375
5.83184,9.37405,0.204167,0.891667,38599,45859
1.01709,3.14242,0.2625,0.119444,3086,16271
39.6808,13.6411,0.66875,0.128125,7282,7178
31.0095,2.04013,1.0,0.388889,50741,44007
26.5466,6.21968,0.139583,0.4625,26661,45197
13.2816,25.3128,0.147917,0.483333,3126,28282
46.8903,15.6209,0.880556,0.191667,15774,47000
72.5005,4.94542,1.0,0.322222,28832,23010
18.2804,7.21662,1.0,0.13125,30704,51458
10.9875,15.6205,0.241667,0.294444,24259,18700
24.9223,21.3713,1.0,0.0645833,31681,54114
23.3096,8.99266,0.591667,0.15,53507,15059
16.5697,14.2003,0.116667,0.166667,6594,33004
24.1363,4.18839,0.335417,0.2625,48162,26734
17.6131,15.1034,0.279167,0.536111,5938,8894
55.7993,14.8228,0.25625,0.183333,53969,44593
66.6934,9.89535,0.0638889,0.50625,16014,55587
58.1238,9.61134,1.0,0.933333,7195,27619
14.9605,14.8458,0.172917,0.219444,55029,16517
40.4552,6.09601,0.110417,0.236111,26006,24321
18.5013,5.14177,0.341667,0.813889,14030,31026
48.5634,7.97384,1.0,0.471875,2382,35030
7.52684,6.29314,1.0,1.0,50439,38233
24.7412,7.4215,0.194444,0.508333,42281,51974
33.178,4.36467,0.2,0.610417,44509,40275
35.4126,16.921,0.508333,0.470833,37212,30197
13.1355,14.3244,0.202778,0.227778,18211,26630
52.7236,8.50343,0.15,0.761111,32143,38810
16.9503,7.77478,0.3,0.711111,33471,35874
3.4098,1.57148,0.0916667,0.1875,54474,43450
36.7885,12.2709,1.0,0.1625,11338,36474
58.5973,9.63614,1.0,0.183333,37138,19280
10.1649,11.8518,1.0,0.483333,33067,28267
17.1011,3.2988,0.991667,0.691667,343,21536
11.1026,11.04,0.291667,0.380556,46155,44697
12.7857,4.74801,1.0,0.25,25457,32778
62.4584,25.5763,0.0895833,0.530556,4861,6025
20.7932,11.9727,0.739583,0.286111,56385,54067
0.840866,13.1164,1.0,0.8,44290,38437
50.2038,9.02047,0.25625,0.763889,36790,12028
17.9317,11.1216,0.552083,0.819444,37197,25347
43.2441,13.3167,0.0729167,0.25,8386,40249
56.1396,7.43707,1.0,0.55,24645,22848
26.2454,3.95663,0.191667,0.316667,20371,50675
33.8224,14.9537,0.1625,0.475,51127,43426
19.8234,6.01386,0.991667,0.863889,30843,24378
2.62482,9.75405,1.0,0.113889,46019,46110
18.6932,14.8656,0.683333,0.191667,35633,34147
40.9355,5.72584,1.0,0.0527778,42018,7214
15.5525,8.46206,0.333333,0.363889,3157,51438
38.6924,11.4583,0.464583,0.127778,6155,20474
7.18622,2.47454,0.0770833,0.0416667,16265,9614
16.3964,3.57479,1.0,0.263889,12332,932
43.1266,7.43599,0.666667,0.630556,12416,41707
60.2633,3.71278,0.2125,0.1,54065,24389
29.3966,10.7185,1.0,0.152778,18103,43002
8.78117,17.6032,0.935417,0.175,21687,9500
7.71613,1.14552,0.216667,0.308333,3524,3628
83.5165,6.02836,0.464583,0.141667,30268,53418
20.6344,15.0451,0.877778,0.6375,3991,5062
42.2002,3.32195,0.175,0.1,40549,13188
15.3747,2.73672,0.183333,0.510417,36953,44916
9.12263,13.0805,0.741667,0.458333,33144,43512
6.54968,21.7469,0.241667,0.733333,37067,10252
55.8149,9.51293,1.0,0.866667,26424,30068
37.4714,10.5641,1.0,0.388889,13876,14499
63.9398,18.4289,0.372917,0.555556,45473,52352
37.059,14.0098,0.264583,0.291667,9539,5885
19.2832,10.6976,0.45625,0.21875,756,39242
38.4951,17.0363,0.06875,0.372222,10355,36609
24.8168,6.92412,0.43125,0.147222,17641,8371
35.9362,17.3726,0.0277778,0.0875,53601,19779
49.5647,2.55831,0.425,0.502778,44218,25771
37.1982,13.9958,0.70625,0.325,7442,215
1.97875,14.9159,0.983333,0.295833,10714,2811
21.559,3.72085,0.141667,0.0583333,46465,3421
14.679,3.63841,0.2,0.405556,48709,11666
48.6516,2.54462,0.73125,0.564583,24439,52958
59.9581,18.0736,0.325,0.35,15736,47291
27.9042,8.39808,1.0,0.577778,36403,52023
31.3333,20.7172,0.839583,0.525,5418,50100
18.4164,9.26694,1.0,0.344444,13385,15309
23.74,24.0743,0.2375,0.084375,42196,523
35.2022,15.4325,1.0,0.208333,33295,8450
42.1316,14.5041,0.964583,0.491667,47954,8543
37.7995,8.18863,0.95,0.936111,49416,30373
53.4552,15.7949,0.252083,0.575,54359,50062
9.18986,4.29575,0.1125,0.394444,54034,41935
53.2275,3.99703,0.244444,0.405556,24632,51575
35.0742,3.24032,0.0354167,0.283333,54969,47558
43.8494,11.1629,0.13125,0.166667,3832,13901
38.9917,5.62833,1.0,0.571875,50228,29566
8.31957,11.2735,1.0,0.894444,31823,49746
30.0792,16.1725,0.422917,0.090625,47286,19774
26.4487,10.7347,0.410417,0.722222,13537,30534
69.0591,8.43983,0.777083,0.513889,38205,43083
32.7133,14.3636,0.4125,0.380556,8636,9285
6.13536,14.732,0.508333,0.608333,54053,18788
11.4639,4.49231,1.0,0.288889,32121,22932
22.0437,14.3481,0.844444,0.075,57311,46656
44.2499,11.8865,0.277083,0.744444,24008,19596
43.1988,16.2139,0.291667,0.375,39886,45558
5.86073,1.37488,0.18125,0.252778,29618,49779
28.7692,9.91518,1.0,0.888889,38126,30157
19.5375,3.30525,0.09375,0.305556,2522,22595
9.30476,2.67818,1.0,0.191667,44236,40871
11.2251,1.16797,0.61875,0.313889,52690,41644
13.4178,10.8577,0.105556,0.280556,709,19570
34.93,21.7309,1.0,0.430556,8803,18555
15.222,5.81098,1.0,0.353125,25693,21446
38.722,7.77446,0.65,1.0,6992,54153
6.84095,9.27756,1.0,0.563889,7366,15851
48.5317,15.6903,0.0777778,0.221875,752,13820
8.04956,15.7185,0.616667,0.472917,2869,26323
52.037,19.7556,0.338889,0.4625,53803,17074
14.4763,3.09651,0.197222,0.466667,8442,32487
16.1556,8.03557,0.347917,0.705556,34622,5445
45.5576,15.3669,0.320833,0.7375,53859,17593
49.5363,16.2337,0.830556,0.610417,25023,41535
19.3672,6.54699,0.06875,0.35625,36805,37934
50.9111,10.5889,0.408333,0.544444,25834,16315
3.18406,6.94272,1.0,0.236111,15541,7187
49.732,9.42769,0.845833,0.797917,24806,51877
22.9845,22.3003,0.145833,0.65,8450,30218
16.5309,1.40574,0.319444,0.269444,53420,21445
54.1204,14.8657,0.0708333,0.38125,55784,24167
25.0289,16.7641,0.372917,0.583333,17127,25037
26.8139,1.83482,0.0895833,0.347222,53013,5075
34.7677,1.72315,0.4,0.311111,50716,2574
61.5606,3.18476,0.245833,0.508333,17413,38102
29.1752,6.07956,0.122222,0.561111,3682,50742
19.28,8.08888,0.316667,0.447222,15766,45579
45.0148,10.1448,0.8375,0.440625,56644,1695
15.8615,1.56206,0.0354167,0.359375,48455,44311
55.4134,4.90208,1.0,0.188889,25684,38205
46.6213,2.01526,0.991667,0.365625,4719,7110
73.6696,6.79661,0.110417,0.147222,30348,44987
25.6204,9.79447,0.595833,0.25625,2912,11915
22.2436,6.75299,0.735417,0.619444,1090,39586
27.9171,8.17026,0.252778,0.263889,55094,34024
57.6459,12.8705,1.0,0.554167,48073,48360
27.3052,7.89828,1.0,0.483333,23760,15472
28.8124,0.921948,0.0972222,0.7125,1644,19137
39.6511,9.45306,0.489583,0.0833333,25213,46921
44.0183,5.86442,0.3,0.41875,19781,29207
18.5523,15.6414,0.102083,0.111111,11837,23555
7.443,8.48253,0.158333,1.0,37270,18524
9.57549,3.15129,0.966667,0.702083,22293,47832
30.0601,14.1468,0.208333,0.35,19663,3631
19.1421,3.01125,1.0,0.708333,20883,46814
42.1766,13.4931,0.11875,0.0791667,38515,250
34.9837,9.16181,0.425,0.105556,16931,54820
51.617,2.07717,0.0833333,0.19375,15549,17277
53.6825,4.80251,0.4875,0.419444,37115,14911
50.2251,10.1083,0.379167,0.48125,32741,2855
18.2431,14.2731,0.145833,0.105556,6242,33857
11.4476,10.3903,0.69375,0.0861111,7414,28535
11.1265,14.7659,0.20625,0.405556,55536,37735
42.6842,6.77224,1.0,1.0,9903,52371
44.0049,11.2962,1.0,0.808333,30857,11959
17.2257,16.0738,1.0,0.3,54636,5568
38.1568,7.49101,0.779167,0.9,37221,8871
27.8846,27.1959,0.11875,0.469444,10139,23404
29.4761,15.8798,1.0,0.108333,28058,40963
18.6291,9.05164,0.904167,0.2,44898,15424
51.2116,1.41478,0.741667,0.277778,45263,207
3.9,8.8737,0.204167,0.288889,46677,12167
64.2552,14.0517,0.583333,0.266667,7974,1774
37.14,13.1328,0.372917,0.138889,20146,20210
41.7699,9.48419,0.680556,0.247222,18787,54754
4.48553,14.2196,0.219444,0.719444,41781,11143
13.1362,13.4802,0.5,0.754167,44980,46426
4.29283,15.5515,0.2125,0.252083,46810,42777
50.4953,1.57009,0.997222,0.163889,56712,51634
11.9086,10.3956,1.0,0.325,28942,16300
57.908,1.0085,0.608333,0.252778,44520,8652
28.6163,15.0599,0.602083,0.21875,26221,33115
25.8078,3.62088,0.916667,0.820833,18675,23772
24.3917,10.3438,0.102083,1.0,26297,19690
61.2333,15.6121,0.108333,0.15625,48719,27196
53.1764,7.2276,0.34375,0.6875,18340,2366
22.7164,8.04308,0.152083,0.272222,34645,47004
18.6455,6.87136,1.0,0.25,35057,32993
33.61,17.791,0.383333,0.177083,33769,47621
77.2309,2.98362,0.222917,0.458333,9749,18621
24.7826,2.63569,0.670833,0.865625,15868,41833
27.7474,21.0452,0.158333,0.416667,3786,21292
18.3538,2.55105,0.564583,0.35,34189,45834
40.4352,8.05642,0.1,0.180556,15675,57128
53.4701,2.78934,0.99375,0.513889,52258,22590
50.5788,7.61068,0.177083,0.44375,30252,33405
44.8024,15.6806,0.127083,0.316667,9976,11661
48.7332,3.96711,0.860417,0.304167,1566,33334
73.5584,8.11881,0.239583,0.152778,53819,225
50.4621,28.5115,0.954167,0.414583,18146,9331
29.7275,6.8583,0.158333,0.2375,44322,38910
69.1433,1.82856,0.147917,0.230556,18806,222
17.2794,17.282,0.2125,0.0895833,33296,15365
38.4578,4.52646,1.0,0.147222,14663,23747
26.8971,8.46439,1.0,0.403125,56945,37350
37.4422,15.0794,0.29375,0.433333,26680,7407
24.7304,5.43228,0.0958333,0.733333,32536,32936
43.8478,3.1815,0.577083,0.4,22811,38303
26.9888,0.263568,0.2125,0.338889,5568,50600
9.11674,0.304933,1.0,0.0972222,32863,43847
9.30839,3.2481,0.0895833,0.189583,44206,47768
22.7049,13.8541,0.816667,0.0861111,10160,2842
30.0308,5.15241,1.0,0.135417,11270,18641
55.4761,4.35931,0.455556,1.0,18644,21255
49.4462,11.8389,1.0,0.435417,37527,9117
30.3972,15.0756,0.683333,0.438889,33376,21391
54.6963,2.95009,0.2375,0.922917,53992,4470
26.6677,12.7578,0.09375,0.44375,47518,38809
36.6569,12.2517,0.15,0.411111,37417,28049
40.5367,19.5695,0.05625,0.0944444,53287,1279
18.4993,8.70522,0.48125,0.403125,54215,10172
31.494,2.9408,0.0458333,0.110417,46347,25127
6.59284,12.1941,0.795833,0.625,34514,53787
64.65,11.6612,1.0,0.677083,32201,15543
74.8172,5.00708,0.127083,0.18125,43828,18814
55.8298,13.4287,0.0888889,0.108333,19617,12179
27.9841,17.3277,0.805556,0.06875,27301,18342
7.5203,13.1759,0.91875,0.483333,33453,1886
4.59433,18.9301,0.433333,0.302083,8969,16860
27.3074,21.89,0.460417,0.480556,3436,40393
40.9851,17.4283,0.580556,0.49375,3248,43955
30.2736,12.9347,0.470833,0.508333,33479,15687
21.0166,15.6098,1.0,0.125,201,7863
14.6351,6.77228,0.708333,0.36875,7352,10358
17.7671,7.82198,0.4875,0.135417,26919,32220
50.3199,17.6065,1.0,0.683333,50551,47529
35.3284,9.55423,0.214583,0.433333,28055,43097
7.24571,12.1184,1.0,0.4875,16773,40997
16.2986,17.7389,0.99375,0.236111,39397,29945
6.56276,10.8442,1.0,0.33125,38465,3607
12.8685,0.107203,0.35,0.245833,48092,31499
13.7043,5.04698,0.23125,0.102778,7763,23243
55.3379,7.98574,0.18125,0.808333,44042,31661
34.3582,10.5008,0.24375,0.1375,16038,56960
51.6499,15.586,0.952083,0.122917,33172,27355
3.61318,8.49635,1.0,0.269444,15114,33347
16.1831,17.1328,0.0791667,0.163889,49215,23770
21.6245,3.28773,0.997222,0.430556,32636,18787
16.8503,13.6465,0.344444,0.0916667,14392,39715
45.288,5.49277,1.0,0.205556,36413,29009
17.9752,10.9545,0.208333,0.585417,50549,19844
10.0054,17.4957,0.247222,0.0944444,56981,670
47.2544,1.50578,0.45,0.647222,43084,55492
17.8379,11.7519,0.68125,0.475,46601,3702
39.955,12.7391,0.495833,0.2875,31266,45423
12.8501,7.1791,0.179167,0.516667,7919,52581
51.503,0.375446,0.260417,0.45,52278,6390
23.4252,11.1628,1.0,0.408333,50521,53353
9.2557,1.73367,1.0,0.861111,14720,41567
24.6599,6.59975,1.0,0.363889,5242,3174
53.7742,12.4131,1.0,0.0555556,26881,19773
48.0105,3.38232,0.297222,0.686111,15131,50284
43.6888,11.1707,0.458333,0.627778,34126,19133
20.4814,6.74855,0.0520833,0.583333,36435,28170
25.5392,14.6539,0.9375,0.814583,5007,35594
35.8269,7.18828,0.170833,0.0854167,25697,24857
41.3637,1.08313,0.0708333,0.230556,54984,54763
6.28928,13.8986,1.0,0.25,722,12014
23.1074,6.85656,1.0,0.7125,51563,10998
56.3659,5.01642,0.164583,0.76875,26771,14550
35.9997,6.73814,0.583333,0.122222,30612,18752
21.3919,11.4738,1.0,0.497222,48640,45341
32.4786,11.6631,0.20625,0.416667,42260,29415
43.5801,11.9432,0.208333,0.261111,45064,810
3.64896,11.2999,0.327778,0.0979167,56580,39490
27.0143,1.70876,0.15,0.65625,49281,20238
9.91737,0.362026,0.13125,0.20625,42083,16761
78.5217,7.49078,0.870833,0.6875,50653,22340
71.7657,12.1682,0.338889,0.133333,46443,25097
8.66465,18.1219,0.0854167,0.213889,162,43014
25.3534,12.3384,0.04375,0.596875,10191,22224
24.8359,6.71928,0.0916667,0.35,53624,56683
30.0759,17.6884,0.247917,1.0,31715,39536
40.6295,10.5821,1.0,0.2875,12535,38048
51.0778,12.4409,1.0,0.133333,45651,45637
45.2101,7.64329,0.495833,0.305556,47527,53449
1.8945,22.8177,0.527778,0.183333,3007,20964
40.4771,4.98341,0.98125,0.819444,27211,14455
11.8097,7.97069,0.452778,0.533333,309,28165
49.8575,1.91542,1.0,0.2875,274,17601
27.968,12.954,0.394444,0.725,13133,26520
36.2693,5.32723,0.508333,0.177778,38991,33501
23.9522,14.7743,0.4375,0.636111,52696,31862
11.6564,16.5712,0.160417,0.602778,1366,4068
51.4807,13.8187,0.361111,0.8125,43694,33382
21.2424,11.5441,0.338889,0.722222,45542,33664
55.1329,11.5768,0.05625,0.497222,47146,20161
25.666,17.0804,1.0,0.191667,16821,43694
20.2213,5.63828,1.0,0.213889,28847,53400
36.6375,13.0263,0.208333,0.161111,44658,27711
61.8619,3.45711,0.23125,0.108333,22730,21600
35.0331,8.67023,0.7875,0.55625,13276,33917
33.5875,11.6601,0.602083,0.61875,17955,53712
35.4337,8.47958,0.0416667,0.16875,51303,6151
11.1317,14.7066,0.310417,0.536111,9886,49215
70.3898,10.8855,1.0,0.414583,15665,54699
30.7183,16.1278,1.0,0.24375,31249,46357
37.0093,14.5797,0.970833,0.302778,12519,56518
19.1829,12.8325,0.1625,0.108333,10237,51667
40.8187,19.0966,0.93125,0.163889,35249,46046
29.9048,3.77124,0.0645833,0.408333,30923,15033
12.2497,10.7719,0.166667,0.427778,39351,11884
42.9296,13.0778,1.0,0.14375,5142,18333
46.569,9.33815,0.472917,0.41875,18139,15926
22.4913,17.6653,0.36875,0.283333,55802,14714
26.9216,6.05753,0.933333,0.344444,28547,45377
39.2435,6.11832,0.141667,0.129167,20509,23295
22.4043,15.0272,1.0,0.663889,16030,39614
17.1372,11.8126,0.6875,0.0666667,56400,24686
46.1424,2.63173,0.110417,0.172222,43593,38158
22.4308,13.5638,0.73125,0.159375,4175,25487
18.6524,10.52,0.533333,0.164583,56000,47674
32.8852,2.6887,1.0,0.630556,21432,49129
33.9911,11.6437,0.10625,0.222222,13785,29558
5.44195,0.728735,0.239583,0.0944444,5039,15158
67.9039,9.53928,0.54375,0.18125,37587,55385
40.6059,19.1684,1.0,0.344444,4592,30943
5.96405,8.08793,0.364583,0.697917,54910,42339
17.5809,21.9987,1.0,1.0,25627,34736
39.1418,5.75168,0.964583,0.283333,8380,3842
17.0507,13.4148,1.0,0.0972222,42039,12039
15.5845,5.48416,0.441667,0.225,45810,54972
5.92342,2.87195,0.11875,0.233333,9457,13008
55.6078,14.0131,0.16875,0.183333,17009,56765
17.5605,4.94838,1.0,0.525,7638,47592
15.8378,7.56179,1.0,0.204167,12241,46698
27.5556,1.2275,0.404167,0.711111,50262,44732
51.8991,14.5846,0.65,0.222222,41489,54618
4.37054,2.59032,0.102083,0.6,23186,2088
16.0981,14.4878,1.0,0.441667,39566,15400
28.2992,1.63666,0.11875,0.255556,54569,3663
48.3789,12.6164,0.68125,0.422222,30725,36291
38.7238,2.71799,1.0,1.0,20560,10978
23.8487,19.2078,0.304167,0.927083,10171,53372
17.7515,17.0658,0.24375,0.244444,9301,32803
72.8381,8.62973,0.9625,0.227083,51804,4402
29.709,11.1708,0.0375,0.0916667,50637,48852
50.0851,7.35736,0.695833,0.205556,6115,54940
18.9521,5.70464,0.186111,0.375,40730,11620
32.539,3.52953,1.0,0.475,37111,52523
29.9868,5.28682,1.0,0.35,844,32819
15.3145,13.0273,0.186111,0.855556,17592,6501
12.4553,0.809304,0.266667,0.134375,20717,1697
18.9296,10.0218,0.15,0.616667,429,1365
28.1679,4.92584,0.977778,0.433333,15964,9999
17.5995,10.5128,0.577083,0.161111,17138,2237
27.6394,8.77304,0.3625,0.586111,33994,27418
2.86513,15.5664,1.0,0.8,45047,30592
28.3577,8.96673,0.535417,1.0,9606,13733
39.0547,12.3748,1.0,1.0,13587,8489
65.7535,21.6533,0.304167,0.3875,1171,25899
40.4611,16.164,0.222917,0.466667,1111,15366
31.399,3.48678,0.370833,0.194444,51094,36671
37.3145,5.83836,0.333333,0.227083,10526,43152
46.3376,3.61205,0.5,0.075,19729,56943
46.0506,8.2935,0.23125,0.675,43247,17309
84.606,14.7022,0.533333,0.280556,13787,7580
34.491,8.45437,1.0,0.229167,14506,49029
71.9059,12.8542,0.0694444,0.786111,28735,16430
18.5805,7.90196,0.725,0.286111,28817,27407
50.112,17.3827,0.0541667,0.191667,17332,5945
48.5119,14.4855,1.0,0.625,24974,15153
17.4351,10.0065,1.0,0.65,48293,15666
38.8024,14.6464,0.664583,0.158333,2600,5643
12.7123,15.8923,0.1,0.994444,35029,56997
62.369,4.68528,0.28125,0.519444,57019,56299
8.93558,17.2125,0.266667,0.527778,19824,43125
58.8426,2.2776,0.283333,0.44375,21503,56901
66.2787,14.1174,0.375,0.255556,51684,31555
28.9755,10.7316,0.491667,0.478125,36548,20603
34.3122,2.5682,0.458333,0.869444,16343,49675
21.0448,13.3594,0.920833,0.0916667,16387,51237
40.4899,21.5164,0.2,0.625,50351,30990
17.3675,17.8998,0.822917,0.275,46144,30164
24.7879,4.97732,0.183333,0.58125,610,52680
4.60264,6.87728,0.9875,0.927778,43540,2163
34.287,2.43404,0.685417,0.335417,17480,41437
33.6857,13.668,1.0,0.0833333,17210,3222
42.4845,9.13647,0.330556,0.25,37659,29063
22.3995,7.98642,0.608333,0.827778,44175,35628
62.6823,9.59849,0.65,0.497222,6794,55613
59.337,11.4192,0.39375,0.347222,12349,52325
36.8837,15.6217,0.927778,0.502778,872,54154
19.6432,4.63958,0.354167,0.275,5320,32197
39.7886,4.33445,0.252778,0.120833,49537,30907
55.8833,5.87865,0.666667,0.110417,12294,8180
62.2619,3.91097,0.264583,1.0,11627,11311
10.1531,12.7907,0.911111,0.319444,38980,16241
26.9982,9.46882,1.0,0.725,54406,31908
9.75034,2.27093,0.3125,0.197222,57378,45237
51.0884,10.597,1.0,0.358333,50538,28871
7.93604,12.2801,1.0,0.55,52521,36615
17.9743,9.1894,0.9375,0.0638889,46452,22385
34.6441,6.62292,0.81875,0.269444,6130,28260
41.3076,6.57985,0.210417,0.391667,31237,33375
84.4486,16.9243,0.11875,0.377083,34656,34546
69.3084,4.91399,0.191667,0.858333,12396,8845
51.8285,17.4128,1.0,0.652778,1423,27288
21.2133,15.2357,0.244444,0.252778,26159,19350
15.5394,5.65159,1.0,0.458333,39217,46014
10.6355,6.44306,0.158333,0.6625,24103,27160
10.3208,16.2903,0.0729167,0.719444,23382,10929
57.2958,1.20474,1.0,0.1,35174,28288
33.161,7.55985,0.222917,0.277778,24337,2182
24.9387,10.4468,0.20625,0.116667,44625,45434
43.366,14.401,0.113889,0.241667,9103,57047
65.2445,5.67684,0.489583,0.352083,52276,52101
33.7129,13.6335,0.566667,0.458333,40564,33481
50.8498,5.4378,0.570833,0.158333,23540,13254
7.94127,13.5626,1.0,0.516667,15793,29068
32.6395,17.1219,0.81875,0.41875,39653,2069
43.8299,14.6396,0.66875,0.447222,27352,10479
38.868,3.34861,0.958333,0.827778,53783,54143
30.5432,3.65685,0.25625,0.516667,25479,717
0.768375,2.39384,0.436111,0.227778,16199,46967
61.3318,3.41051,0.525,0.255556,51451,1833
13.6399,7.34003,0.283333,0.269444,28787,2455
66.7753,3.27037,0.897917,0.4,10742,42648
9.23878,8.85927,1.0,0.697222,20199,2235
28.595,13.3959,0.0861111,0.711111,23138,6049
32.0575,7.55473,1.0,0.28125,486,16089
30.8967,29.5704,1.0,0.372222,54523,38957
4.4215,21.319,0.686111,1.0,12687,15924
44.9128,8.591,0.260417,0.186111,7069,54886
69.338,18.8611,1.0,0.561111,7984,33453
23.6288,21.9102,0.233333,0.516667,23128,11573
28.1453,13.9031,0.172917,0.747222,17216,26239
39.7475,2.49851,1.0,0.161111,6072,30411
49.0833,17.2987,0.15,0.505556,56899,32977
57.8815,4.22706,1.0,0.422222,43882,55601
62.9013,5.11974,0.15625,0.158333,35731,50240
8.10657,1.50113,0.352778,0.520833,24449,46221
67.5947,15.1542,1.0,0.247222,2939,36284
19.1589,2.92982,0.3875,0.380556,7653,32641
17.4923,7.83375,0.0833333,0.0555556,41150,8087
5.365,2.33309,0.480556,0.3,29279,40634
14.6425,14.425,0.516667,0.316667,38076,46367
47.3472,3.84063,0.0604167,0.611111,50578,11064
48.1467,7.34677,0.25625,0.413889,18157,42818
33.1957,15.853,0.247222,0.16875,25415,34220
7.78298,20.443,0.597222,0.316667,16664,40725
38.5671,12.3391,0.160417,0.60625,54161,43296
72.7909,17.5571,1.0,0.494444,30309,43340
8.92807,16.0173,0.952778,0.136111,11597,56522
25.4987,11.2244,1.0,0.219444,24862,1761
13.8352,10.8467,0.333333,0.2875,18171,35655
8.78841,8.62104,0.20625,0.196875,17112,8345
10.5973,19.9863,1.0,0.610417,41516,33455
50.4793,4.48343,1.0,0.263889,48536,28258
21.7153,12.2935,0.175,0.425,14041,22580
8.35936,3.21342,0.458333,0.647917,46574,54311
36.82,8.96891,0.55,0.536111,49874,22105
36.4328,16.8104,0.4,0.130556,37273,25277
84.4939,10.0826,0.125,0.0972222,21527,26300
13.0381,3.46915,0.297917,0.122222,18354,40408
20.8557,32.0407,0.172917,1.0,24845,35923
8.15822,14.0191,1.0,0.497222,20228,43508
20.0532,0.0892734,0.71875,0.644444,32017,814
18.1715,2.03078,0.466667,0.06875,9044,17735
40.1795,0.926445,1.0,0.0958333,51569,16949
54.5744,19.4459,0.164583,0.202778,11590,28885
34.4138,4.36254,1.0,0.122917,17375,11458
8.3285,5.43429,1.0,0.0916667,49473,30716
19.6354,5.3545,0.258333,0.216667,45196,15685
31.3012,4.51699,0.172917,0.05,37437,31598
62.8044,11.5586,1.0,0.260417,52892,23585
30.9067,10.622,1.0,0.14375,54536,4319
12.8122,0.744407,0.595833,0.430556,46320,27731
3.15689,7.6655,0.120833,0.752083,45319,33355
20.6827,4.84783,0.116667,0.20625,31558,15779
39.0204,14.571,0.739583,0.558333,46656,47129
20.5463,2.7279,1.0,0.241667,29068,51731
42.0685,18.8051,0.808333,0.185417,17451,19392
7.46829,15.7967,0.508333,0.725,25214,19045
51.653,17.0881,1.0,0.565625,53305,50243
56.2307,11.1496,0.4125,0.986111,19919,3089
21.0582,3.07343,0.68125,0.0694444,25868,47362
35.4243,1.88337,0.629167,0.291667,42303,52515
12.9372,3.95993,1.0,0.372222,26419,10691
46.5607,12.3405,0.05,0.622917,48324,41244
43.2337,18.4399,1.0,0.85,37112,2550
77.9794,25.8709,0.208333,0.594444,27699,53609
52.8256,8.68909,0.379167,0.247222,34397,53067
22.2198,4.08484,0.13125,0.489583,3644,27548
34.7049,7.24428,1.0,0.363889,6838,12368
14.5753,11.8314,1.0,0.1625,35342,45100
38.7156,5.05411,0.339583,0.283333,23461,18100
35.0942,14.0086,0.11875,0.658333,42068,12877
58.1281,1.66304,0.10625,0.0888889,1968,45904
48.7069,8.2916,0.475,0.475,23017,4033
8.40958,12.9347,1.0,0.202778,29221,30913
20.5833,7.99122,0.410417,0.396875,6954,8366
75.5086,10.5686,1.0,0.458333,41694,22531
76.2928,20.2199,0.15625,0.885417,54990,20780
12.0194,11.2314,1.0,0.241667,37661,8047
44.759,3.35735,1.0,0.613889,50057,17662
16.1978,17.8599,0.358333,0.119444,27214,36535
29.5583,15.1699,0.0708333,0.54375,16780,55552
5.42476,7.20276,0.65,0.202778,26978,28087
30.7031,2.8125,0.120833,0.0944444,56153,55619
39.2226,8.82503,0.758333,0.0861111,9862,54998
46.7187,16.7262,0.991667,0.155556,57074,49206
27.5052,2.98309,0.104167,0.336111,26536,43133
52.9055,6.11274,0.672917,0.453125,1074,4479
29.9617,0.820645,0.508333,0.705556,32748,32399
27.7569,12.4929,0.358333,1.0,26048,8100
72.7056,5.28309,0.335417,0.416667,1288,35622
51.0324,11.6005,0.0833333,0.333333,7636,21743
55.5874,9.3397,0.189583,0.0805556,52561,4708
45.218,2.68762,0.2875,0.727083,32557,1306
5.42833,13.4948,1.0,0.466667,10080,4135
47.0289,6.85544,0.570833,0.366667,49913,11288
13.7174,9.48789,0.614583,0.119444,26225,25287
57.462,14.2706,0.19375,0.416667,31307,20800
63.3118,15.6322,0.589583,0.491667,39770,31340
44.0363,5.62174,0.102083,0.341667,32269,5087
18.189,3.69941,0.758333,0.260417,27667,2474
14.3335,2.69713,0.369444,0.0555556,40025,28013
33.3102,12.3278,1.0,0.397917,42038,35873
25.2428,9.9121,0.114583,0.310417,8015,54236
25.1439,11.2583,0.994444,0.152083,29564,1879
34.657,14.5946,1.0,0.115625,29214,37647
33.2621,10.8228,0.277083,0.186111,4060,27503
23.5872,10.4687,0.10625,0.505556,8446,56912
9.09909,2.59634,1.0,0.655556,20058,17772
33.1615,5.30632,1.0,0.395833,8156,2769
49.3977,15.5342,1.0,0.229167,48369,54662
19.4354,10.101,1.0,0.152083,2760,9215
14.8566,21.6715,1.0,0.238889,22421,48674
10.2817,17.8329,0.19375,0.588889,27340,2897
16.8375,7.69424,0.504167,0.96875,38956,51483
29.4946,17.0642,1.0,0.341667,57479,46858
48.1826,11.1848,1.0,0.25,54321,22668
31.3915,7.89651,0.0708333,0.99375,54826,8739
28.6579,9.69627,0.814583,0.261111,9032,12712
37.7786,0.666886,0.122917,0.266667,44060,57346
23.8282,0.870496,1.0,0.761111,50117,10569
13.6459,11.1533,0.0708333,0.0944444,39622,54938
3.80325,4.80667,0.20625,0.5,19898,40099
7.29167,5.68231,0.111111,0.491667,6119,43491
53.7973,1.60934,0.0770833,0.608333,13672,24325
60.5991,10.7444,1.0,0.633333,41229,8550
43.9002,7.21942,0.429167,0.219444,21546,12061
11.8097,5.55647,0.789583,0.154167,21665,26240
40.6485,11.752,0.35,0.255556,13162,56302
29.2838,8.92097,0.564583,0.144444,12955,44217
29.2717,15.4644,0.777083,0.333333,54725,42525
46.9835,6.07916,0.7875,0.44375,8018,13978
6.61663,13.1901,0.905556,0.746875,55192,33611
30.4605,18.0274,0.502083,0.661111,36624,537
4.11574,9.52362,0.45,0.633333,2647,180
22.1268,6.4771,0.0625,0.579167,7963,55239
29.4891,4.04166,0.597917,0.664583,23091,45997
44.9068,10.9188,0.65625,0.594444,21048,44747
14.8939,13.9325,0.225,0.227778,53266,29413
7.90107,12.641,0.966667,0.533333,56836,34019
11.2814,12.5624,0.90625,0.9375,11173,56908
15.421,12.2739,0.347222,0.7,49330,40465
23.5438,1.14502,0.822917,0.280556,15170,27287
24.9648,2.27343,0.0645833,0.269444,23370,29899
21.5221,13.3673,0.505556,0.363889,19795,31656
58.1971,11.6456,0.127083,0.616667,23778,36740
24.518,14.0866,1.0,0.322222,30275,33178
52.8093,12.1048,1.0,0.197917,33140,11415
44.9128,19.0003,0.245833,0.519444,36950,47644
51.0242,12.5791,0.295833,0.241667,25336,37033
28.8374,7.39152,0.10625,0.325,51027,38771
21.3203,13.7383,0.170833,0.51875,51356,11179
32.3987,8.59119,0.875,0.660417,53439,56128
68.8682,14.7802,0.1875,0.1625,31343,3116
30.4363,6.32554,0.25,0.475,11100,9510
24.25,9.14875,0.427083,0.252778,36358,32490
79.1703,7.82142,0.16875,0.219444,38522,11169
15.6473,3.76582,0.172222,0.327778,13515,2556
3.91408,20.3942,0.139583,0.994444,7632,31225
6.46344,5.75281,0.154167,0.447222,23040,13184
21.9552,5.98666,0.6875,0.6,49755,48824
5.49041,4.82493,0.29375,0.769444,40138,14346
4.29845,26.286,0.586111,0.195833,44054,18200
14.0164,5.40525,0.497222,0.561111,44257,14485
31.4345,4.04263,0.233333,0.747222,22206,49421
33.7914,13.8253,0.875,0.89375,22771,42108
76.5747,14.3819,0.147917,0.133333,54002,17252
33.3284,4.40581,0.508333,1.0,51233,23715
16.9018,3.77514,1.0,0.258333,20639,44440
12.4695,19.9817,1.0,0.597222,17860,1954
33.0273,18.194,0.289583,0.0833333,6229,42214
5.8435,8.42957,1.0,0.378125,31546,2101
48.5271,17.4018,0.308333,0.122222,57371,47041
26.8826,15.8411,0.9375,0.1,23227,26686
6.17044,14.6611,0.208333,0.566667,13634,33654
49.7779,11.1641,0.175,0.497222,8094,47426
18.4096,13.181,0.9375,0.135417,20508,31283
29.7434,18.1311,1.0,0.227083,33764,846
49.598,9.5292,0.394444,0.14375,42021,24462
44.1955,8.03257,0.185417,0.527778,23885,39909
19.9403,3.96803,1.0,0.15,9517,12093
15.4308,3.23622,0.841667,0.219444,18689,11778
53.0155,9.39093,0.0458333,0.133333,2330,36013
26.0712,12.3712,1.0,0.46875,28865,20357
43.9919,10.2464,0.308333,0.447222,4113,30385
52.2417,3.80109,0.06875,0.111111,35063,51718
30.0448,6.46224,1.0,0.138889,2091,50275
76.6705,3.92088,0.0958333,0.672917,39787,15669
48.7709,11.4805,1.0,0.330556,43505,51702
33.5408,15.0987,0.54375,0.655556,53472,51473
32.8884,7.14571,0.24375,0.102083,39959,48640
32.7336,7.8707,1.0,0.414583,8300,50171
58.2369,14.1878,0.833333,0.152778,16206,55463
22.761,11.6468,0.772917,0.808333,40655,15944
42.5568,6.84414,0.075,0.272917,55447,24124
25.2849,3.2879,0.75,0.208333,34237,25989
22.1507,9.24347,0.586111,0.341667,56680,3705
38.8422,9.51986,0.275,0.75,34439,2292
6.06517,16.2386,0.127083,0.575,22329,37631
54.2128,10.7963,0.8125,0.272222,27426,29355
33.4071,10.0755,0.3875,0.195833,49760,41741
13.5024,13.2361,0.14375,0.327778,45298,7278
69.6064,4.81508,0.388889,0.31875,24934,51191
12.1567,18.1394,0.160417,0.188889,27193,50713
70.1028,17.2534,0.883333,0.283333,14068,54052
26.874,4.00347,0.322917,0.0722222,34447,141
20.7447,12.9658,0.354167,0.413889,24216,7452
40.1424,22.4088,1.0,0.155556,56360,23097
55.2663,4.86525,1.0,0.3375,30141,25190
48.8655,10.0112,0.339583,0.15,30322,11428
61.4712,14.3623,1.0,0.108333,56611,35941
20.9672,4.05015,0.0375,0.1625,4212,41529
36.6768,11.5927,0.991667,0.161111,17495,54664
14.5356,14.2498,1.0,0.641667,12152,21263
58.4225,10.3604,0.627083,0.333333,52859,4040
55.3838,11.1453,1.0,0.525,13813,5266
78.7844,7.55819,0.666667,0.295833,52671,33053
61.8416,5.97926,0.772222,0.591667,31330,54729
33.5948,18.8594,0.947917,0.138889,49275,12798
23.8881,5.41079,0.15625,0.558333,51375,47932
4.52642,2.65189,1.0,0.608333,2777,43162
60.3494,9.84948,1.0,0.35625,3999,11612
22.9676,3.1129,1.0,0.0833333,20030,37484
53.4134,11.8207,0.5875,0.430556,39489,19878
26.0031,12.0665,0.816667,0.0638889,49069,7242
36.459,22.8098,1.0,0.461111,54521,22377
28.0739,16.2854,1.0,0.191667,56453,37892
8.60831,6.8934,1.0,0.161111,15045,31342
48.2248,16.7159,0.345833,0.358333,41071,48761
39.8652,11.2107,0.814583,0.925,19228,18569
46.3019,13.8902,1.0,0.313889,19290,50847
29.9585,8.76744,0.210417,0.433333,15479,32828
16.447,5.50675,1.0,1.0,18720,47914
52.0542,9.5506,0.366667,0.20625,36836,20566
32.7884,9.16276,1.0,0.311111,40847,4152
60.4999,10.1794,0.152083,0.459375,13934,56743
10.2132,4.18623,0.997222,0.183333,24778,12589
47.4034,9.52951,0.735417,0.35,48868,22305
5.36,5.80746,0.913889,0.579167,13043,38894
19.3013,15.3735,0.220833,0.510417,20761,31577
46.5416,9.23118,0.50625,0.229167,9759,24953
12.9922,3.48245,0.827083,0.170833,19546,35439
70.9658,14.4262,0.0638889,0.105556,17150,13056
30.1307,13.7519,0.95,0.305556,12916,44751
28.2598,4.53882,1.0,0.578125,39361,759
36.9929,22.0452,0.225,0.429167,7032,6921
35.0228,19.7114,0.522917,0.125,3971,43530
59.5443,11.123,0.997917,0.113889,21441,27957
14.0487,19.4227,0.122917,0.588889,31624,25841
33.7404,21.1368,0.288889,0.316667,51050,37510
51.1149,5.9746,0.319444,0.630556,33514,35393
52.9238,9.84315,0.120833,0.225,47964,9094
6.56529,5.69213,0.116667,0.0722222,12673,35543
20.7375,22.9737,0.28125,0.666667,26965,3120
23.0893,4.12253,0.25625,0.395833,14590,28338
58.2238,11.9324,0.747222,0.247222,14170,56070
55.1501,21.1939,0.364583,0.458333,17011,44017
5.29852,17.0697,0.56875,0.236111,29622,56092
10.2066,16.7716,0.0916667,1.0,35970,19167
33.8285,8.02006,0.0375,0.372222,11039,27265
22.7229,18.3053,0.08125,0.122222,44209,30041
64.2733,18.305,0.360417,0.429167,12493,41840
16.863,1.47532,0.729167,0.108333,23732,52135
24.3493,16.6512,1.0,0.713889,17008,37173
40.1822,7.8836,1.0,0.152778,17618,4755
85.0374,5.09852,0.160417,0.136111,2560,29852
19.3824,17.7536,0.616667,0.338889,32880,34057
70.2278,16.791,1.0,0.0791667,3940,56282
20.5784,15.9934,0.460417,0.379167,49713,53530
27.9569,10.8088,0.152083,0.141667,483,6572
56.4041,3.99589,0.175,0.0555556,39857,7634
4.61085,6.22729,0.447917,0.266667,21541,27258
46.2028,13.5952,0.404167,0.0888889,32901,8624
43.6171,1.4029,0.770833,0.45,7883,38934
46.7681,19.5375,0.075,0.0611111,49017,17398
38.892,4.77039,0.075,0.430556,8565,56423
28.1382,14.4805,0.920833,0.286111,35306,14420
41.7634,11.2311,0.908333,0.408333,20010,2222
20.8131,8.65077,0.989583,0.494444,41256,4371
33.8537,12.7684,0.225,0.163889,43772,25740
27.4246,15.5878,0.394444,0.191667,56776,33982
10.1751,8.94367,0.714583,0.672222,18700,27325
61.3396,8.22685,0.7375,0.222222,43565,40062
68.9097,12.8002,0.383333,0.611111,9902,54187
47.4482,13.291,0.566667,0.14375,36179,9150
33.1767,12.2384,1.0,0.269444,20929,43969
62.4654,10.2756,1.0,0.791667,8650,45006
30.5417,2.53877,0.740625,0.372222,14148,20285
24.0965,12.2827,0.104167,0.83125,22378,1345
14.0269,14.611,1.0,0.297222,33662,20155
8.30246,5.20007,0.336111,0.394444,34410,39726
39.5066,7.33279,1.0,0.0875,15083,41674
58.7656,13.8165,0.664583,0.294444,15147,52584
19.7049,7.93199,0.358333,0.633333,51348,50154
49.2546,2.66797,0.163889,0.733333,13690,23522
39.6049,17.459,1.0,0.0833333,17798,36519
26.758,12.9346,0.477778,0.191667,56123,38262
17.2024,18.1765,1.0,0.502778,31077,47023
40.212,1.62993,1.0,0.375,15625,13434
55.1613,10.2195,0.45,0.458333,4044,18484
19.6203,1.38174,0.59375,0.205556,17060,19667
50.7737,12.3765,0.397222,0.180556,52762,9142
51.5173,17.4952,1.0,0.133333,46147,11767
40.3537,11.8492,1.0,0.891667,17369,39975
41.4692,8.62848,0.272917,0.628125,22130,15367
21.1867,1.52244,0.2375,0.0861111,24299,24735
20.4932,17.3046,1.0,0.330556,19980,30314
18.7676,0.922117,0.352778,0.0694444,13941,21570
4.08943,15.9152,0.55,0.191667,56999,21852
16.6771,7.62097,1.0,0.172222,36495,42673
46.2075,13.1574,0.561111,0.0833333,18985,34940
26.8279,0.93976,0.191667,0.135417,27243,36335
12.8114,10.9189,1.0,0.330556,10084,20844
32.3671,10.3679,1.0,0.197222,41879,37130
57.5432,5.39939,0.116667,0.0638889,25040,38643
70.4399,13.9801,0.369444,0.133333,42827,14555
13.6916,6.14038,0.139583,0.505556,19873,38487
40.7382,10.5798,1.0,0.0895833,14602,32287
52.3519,8.45522,0.29375,0.30625,33389,25958
62.3227,3.52491,1.0,0.378125,11056,34991
17.5689,14.3697,1.0,0.447222,7085,24199
43.613,10.7342,0.539583,0.258333,1175,25985
52.9306,13.0169,1.0,0.172222,5529,31623
32.5145,0.701372,1.0,0.166667,47096,37328
49.5803,11.3313,0.478125,0.308333,27491,7373
30.4314,7.50527,0.7125,0.619444,38088,26417
47.3349,6.85757,0.322222,0.269444,40800,39972
26.3651,2.89841,0.502083,0.388889,56205,37020
17.1761,2.73582,1.0,0.385417,9631,34595
15.8763,3.16069,1.0,0.95,32568,42734
23.5193,21.8514,0.152083,0.13125,46091,48037
45.4057,2.32986,1.0,0.80625,48787,47339
46.2729,7.5819,1.0,0.419444,26190,13185
17.3062,5.80106,0.319444,0.877778,53639,15988
26.2351,14.8978,0.185417,0.419444,20085,34976
21.0591,5.53702,1.0,0.155556,26626,45116
4.42544,22.5329,0.125,0.6,35886,12790
39.5157,12.2362,0.60625,0.280556,46589,44171
40.7064,4.01831,0.102083,0.258333,44914,5826
37.4984,5.28336,0.0555556,0.428125,23920,14265
39.6427,7.96603,1.0,0.116667,12391,10639
7.02409,19.5029,1.0,0.216667,26406,13250
49.6291,12.0159,0.438889,0.39375,24985,13744
51.56,19.355,0.179167,0.760417,40137,17040
26.3917,4.7943,0.55625,0.158333,26482,46376
58.6405,4.22105,1.0,0.211111,39006,43664
60.0077,26.1081,1.0,0.10625,41044,5372
9.99144,3.54601,1.0,0.308333,16665,44933
61.092,16.417,0.508333,0.661111,23874,43377
18.9787,7.57459,0.1875,0.390625,56255,42175
30.1077,6.70355,0.5875,0.277083,43196,4361
35.3502,5.1984,1.0,0.647222,38420,14081
12.8823,17.4935,0.825,0.189583,35622,43479
10.0752,7.23499,0.55,0.616667,23884,41530
21.1734,12.4544,0.147917,0.452778,14635,13497
42.9005,17.3618,1.0,0.241667,19615,45212
16.5311,3.46723,1.0,0.277778,26624,48197
46.1612,6.32844,0.266667,0.736111,15658,32985
37.2724,2.42559,0.191667,0.841667,53860,55538
16.2774,6.7957,0.564583,0.246875,20604,20361
51.687,5.54722,1.0,0.483333,44638,47993
14.6435,5.01046,0.458333,0.716667,6927,40201
10.5396,13.8551,0.252778,0.302083,30638,28623
1.92184,5.17185,0.160417,0.570833,28931,9126
29.4127,13.0645,0.575,0.5875,38717,54022
11.402,21.7309,0.535417,1.0,31785,16189
30.2121,15.3984,1.0,0.313889,34691,25213
54.5069,14.4458,0.09375,0.0916667,5445,34469
20.4108,5.62038,0.35625,0.919444,21524,52316
15.4808,19.0799,1.0,0.144444,10586,6289
42.0648,14.6849,1.0,0.144444,31840,5834
21.3715,2.34868,0.233333,0.0791667,46870,9555
19.4764,1.84447,0.939583,0.544444,14227,18954
35.7625,14.8692,0.633333,0.119444,3573,50787
29.4514,7.567,0.102083,0.605556,1506,43244
49.9274,17.5992,1.0,0.222222,42357,2370
68.3541,13.5037,0.702083,0.23125,20191,15933
19.8475,13.181,1.0,0.611111,28399,32163
12.2985,8.17338,0.26875,0.26875,11111,32667
1.2909,11.6615,0.591667,0.255556,48841,32751
63.1436,7.8002,0.558333,0.575,12346,20378
45.6626,19.3179,0.695833,0.241667,33375,41687
29.5799,13.299,0.4,0.8375,4874,1731
21.6803,5.05456,0.31875,0.611111,45945,57312
11.5672,15.7669,0.185417,0.344444,17755,31793
26.4396,0.278071,0.33125,0.0722222,190,52920
17.3952,12.4352,0.110417,0.377778,29093,53891
25.8416,16.7925,0.939583,0.147222,603,4406
20.1364,13.729,0.18125,0.628125,54510,53036
30.9831,5.96659,0.991667,0.194444,16018,35636
48.8533,9.55536,1.0,0.180556,19000,27227
34.8924,4.79941,0.108333,0.0944444,37272,42488
61.151,16.5026,0.35625,0.247222,2364,1706
50.9877,1.35108,0.170833,0.186111,30066,22710
41.4125,9.07234,0.363889,0.202778,42214,30908
51.5503,16.9244,0.49375,0.81875,47608,41689
23.3318,9.3117,1.0,0.964583,32762,7471
44.8004,1.4031,0.1125,0.202778,52096,36760
31.6739,2.07108,0.0770833,0.205556,56752,50927
81.495,9.91828,0.15625,0.639583,8077,41603
19.9271,19.1828,1.0,0.441667,22478,17307
8.53661,18.962,0.0958333,0.715625,4420,14734
17.7533,7.69054,0.636111,0.133333,15266,3841
54.3357,5.79131,0.25,0.127778,1592,50893
22.5414,8.11995,0.346875,0.24375,3927,48014
44.763,10.2727,0.40625,0.488889,37673,53628
29.4723,4.04605,0.969444,0.295833,22793,15130
26.4917,9.51535,0.208333,0.155556,44387,38258
34.6846,5.47075,0.25625,0.35625,299,10868
38.1814,17.8075,1.0,0.4,8934,41580
50.9211,5.42739,0.533333,0.161111,8984,42861
17.1718,13.5519,0.122917,0.402778,46968,52217
29.8256,28.6565,1.0,1.0,43606,20536
13.9231,20.5915,1.0,0.552083,1654,52744
69.3505,2.73398,1.0,0.0625,44078,55415
22.0356,12.0119,1.0,0.608333,49930,52129
64.1326,17.7591,0.2625,0.5,33225,52004
8.41146,8.83214,0.120833,0.0625,10372,11782
40.6001,5.07104,1.0,0.0222222,443,25199
42.5246,14.3414,0.820833,0.386111,1418,39799
58.6878,16.068,0.116667,0.29375,6082,46059
60.7534,17.7877,0.313889,0.328125,4654,11402
27.382,15.6746,0.166667,0.244444,47299,6639
30.1648,3.67483,1.0,0.522917,43485,2997
53.293,16.291,0.127083,0.108333,31633,43932
41.0797,10.2861,1.0,0.0694444,2707,14941
48.5791,12.9384,0.241667,0.336111,54913,7913
26.8521,4.83577,0.125,0.333333,4459,10688
5.29005,6.70003,0.0479167,0.552778,52434,48758
25.5937,6.66382,0.872917,0.136111,43327,52452
41.6392,2.57578,0.75,0.547222,25926,54317
38.8822,1.42566,0.594444,0.0722222,240,21085
33.9337,9.91309,1.0,0.125,6755,21795
37.6262,16.8678,1.0,0.2,49463,45446
41.6603,8.65663,0.295833,0.289583,12876,12145
26.9769,16.3726,0.205556,0.808333,43551,49788
21.6506,11.9955,0.45625,0.980556,52983,27680
59.6122,15.3871,0.252083,0.166667,2757,48821
31.7193,16.6581,0.177083,0.2375,37002,47061
38.1265,20.1235,0.791667,0.391667,52662,41575
39.1457,9.65026,0.594444,0.138889,55318,13853
45.0951,2.89892,0.395833,0.191667,33740,4528
32.7641,9.73094,0.6875,0.522222,21862,20843
17.5581,15.7575,0.544444,0.219444,3929,55207
41.9806,11.9031,0.141667,0.238889,34477,25372
13.1288,2.94627,0.994444,0.33125,12731,29816
8.51461,7.83465,0.347917,0.154167,16712,47634
9.49982,12.8975,0.0666667,0.516667,6682,4099
54.2187,8.39909,0.6875,0.114583,12291,32429
16.4718,19.0955,1.0,0.277778,31678,44448
17.1752,12.0711,0.308333,0.116667,56991,13403
40.8289,14.3532,1.0,0.988889,41995,34519
13.4569,13.5884,0.410417,1.0,16052,17631
34.5862,7.41674,0.658333,0.333333,17939,8749
38.5456,2.83852,0.0625,0.194444,30013,53282
84.3596,16.5356,1.0,0.439583,7903,24440
36.9046,2.48674,0.05,0.508333,50364,30920
16.5042,13.2934,0.175,0.0888889,10421,36959
30.9,6.93194,0.322917,0.280556,49404,19088
17.4433,2.77198,0.238889,0.354167,13851,48884
33.0737,8.05778,0.0972222,0.135417,30198,51983
42.3127,4.64461,0.154167,0.152778,52638,29417
19.4247,18.0507,0.239583,0.238889,34779,21538
3.64496,7.84495,0.225,0.283333,3509,9347
35.3619,10.516,1.0,0.416667,25359,13606
12.7809,19.7645,1.0,0.383333,7931,51970
57.6493,0.886094,0.577083,0.111111,55988,16954
48.4481,7.86645,0.779167,0.188889,3810,26050
45.0845,9.65912,0.25,0.652778,233,25392
63.4801,9.44504,0.110417,0.0833333,37155,48628
73.2092,4.168,1.0,0.608333,25136,614
27.9027,13.2906,0.11875,0.558333,8709,15880
14.1416,10.7217,0.485417,0.294444,55940,55156
53.8392,3.45732,0.219444,0.319444,49151,27137
34.6288,20.5394,0.152083,0.7625,52299,20940
17.3714,4.3807,0.214583,0.5875,17773,34878
56.254,15.2085,0.508333,0.771875,50506,24703
58.6379,3.67723,0.125,0.761111,10930,19968
34.1156,14.2029,0.389583,0.275,46023,38064
15.9503,16.3465,0.604167,0.16875,1637,52769
39.4947,7.15361,0.320833,0.177778,56601,36248
10.1219,7.91061,0.833333,0.511111,6494,36610
63.616,10.6446,0.375,0.0944444,10039,35603
27.5935,10.7622,1.0,0.188889,45313,42411
52.4332,6.94059,1.0,0.30625,45091,42288
12.5953,10.4264,0.580556,0.227778,7617,7907
60.6283,5.88623,0.135417,0.375,49781,6613
33.7429,5.24493,0.21875,0.130556,56865,18858
83.2247,12.7741,0.263889,0.219444,33217,28936
23.1944,22.7192,0.10625,0.0916667,29106,39366
17.3084,7.42547,1.0,0.29375,6990,38369
20.1811,6.5501,0.336111,0.595833,17943,50326
23.6873,20.1485,1.0,0.5,4181,37459
24.9932,0.583636,0.908333,0.513889,38267,28349
43.9603,20.7106,0.425,0.54375,318,7055
50.7212,18.677,0.25625,0.36875,13213,37704
51.6753,12.6635,0.610417,0.208333,298,12672
33.8139,17.2348,0.214583,0.5125,46431,19323
24.6083,9.56962,0.558333,0.0694444,4831,53316
55.1648,11.7876,1.0,0.55,7178,53045
39.1542,1.84649,0.185417,0.719444,42675,30935
25.5787,13.1953,1.0,0.469444,9189,28318
20.7998,4.66677,0.389583,0.113889,49515,13992
21.4635,1.32882,0.341667,0.744444,28411,47517
66.0161,21.1232,1.0,0.130556,44693,21519
14.5125,3.91608,0.641667,0.225,29829,35848
40.0895,7.23575,0.0666667,0.172222,25113,43753
30.8108,15.337,0.420833,0.225,57508,2747
42.9148,10.0713,0.0833333,1.0,53136,8645
53.3648,4.56608,0.122917,0.177778,25619,55134
22.8262,1.51329,1.0,0.390625,32120,3278
68.3119,0.0644841,0.0770833,0.144444,36083,790
37.0837,17.851,0.183333,0.1375,5254,40302
18.5506,15.142,0.997222,0.836111,56812,43994
39.7096,9.20138,0.297222,0.136111,808,28250
46.66,6.02968,1.0,0.302778,53431,52529
24.3416,0.523239,0.683333,0.25,41008,14428
84.6453,5.12617,0.25,0.604167,8078,21706
19.4194,16.3761,0.383333,0.975,55250,38756
16.3518,10.8039,1.0,0.110417,32100,17223
30.9122,13.805,1.0,0.475,36128,16336
18.2092,12.7357,1.0,0.580556,18635,14620
29.0655,11.2274,1.0,0.71875,1151,3736
20.9769,2.43245,0.135417,0.352778,31800,49297
8.96088,8.6788,0.5,0.0888889,25942,2812
25.0074,20.001,0.741667,0.754167,45578,6941
13.7949,4.21441,0.3,0.9,51438,57351
40.5409,7.69548,0.386111,0.441667,12597,46841
8.29795,5.63388,0.636111,0.575,50177,30771
5.39721,5.81332,0.110417,0.366667,23628,9061
45.5384,17.2625,1.0,0.910417,12798,8907
52.9949,1.89328,0.0861111,0.544444,5987,12943
12.7874,11.9091,0.0583333,0.444444,33942,28444
29.2978,8.23137,0.795833,0.0791667,42728,46622
17.4123,20.8754,0.352778,0.266667,38623,54413
50.9763,8.0949,1.0,0.408333,41344,34011
36.7915,0.64848,1.0,1.0,57128,55726
69.6014,16.3347,0.29375,1.0,26427,32548
14.918,14.2942,0.245833,0.310417,48784,46431
5.87394,7.35852,0.7,0.0916667,45363,5341
14.7834,4.41151,1.0,0.825,49478,4552
53.822,9.22648,0.544444,0.338889,606,9827
25.1276,8.16284,0.420833,0.254167,52480,56358
59.2951,5.91286,0.1,0.577778,45374,40951
35.3446,5.17192,0.341667,0.371875,57210,43890
31.2371,6.23284,0.558333,0.463889,3840,15306
45.7474,21.1692,1.0,0.108333,29105,15830
54.9247,7.45838,0.0458333,0.227778,41568,19334
64.4693,6.2293,0.1,0.0694444,45343,31728
47.885,12.4723,0.0875,0.258333,39402,7234
21.7401,8.88241,0.172917,0.50625,32390,12729
61.567,19.6956,0.483333,0.219444,34750,14870
38.3679,13.6273,0.519444,0.78125,33024,25757
5.6359,2.97693,0.183333,0.325,9885,5089
38.4913,3.56375,1.0,0.113889,47859,3126
17.5781,9.8532,0.172917,0.225,48827,20003
10.1913,30.5139,0.14375,0.147222,27448,31928
13.1008,13.9654,0.28125,0.444444,46149,50503
24.5684,22.4542,0.166667,0.341667,51801,8963
31.4486,10.4457,0.86875,0.210417,26420,7100
53.966,9.38261,0.663889,0.272222,22455,26249
73.8101,1.63181,1.0,0.252778,22621,36501
50.0745,3.96898,1.0,0.266667,39863,29012
57.1292,18.0401,1.0,0.447222,16148,3856
52.6024,1.58466,0.73125,0.414583,19999,52296
91.1048,8.99966,0.295833,0.779167,28300,12890
7.8261,1.96225,0.28125,0.227778,44043,43419
39.4723,16.0201,0.722917,0.18125,35378,10080
38.066,7.1563,0.0770833,0.152083,9296,26709
28.2567,4.96839,1.0,0.272222,43924,29336
62.2314,13.0045,1.0,0.375,30991,45425
40.833,16.712,0.533333,0.225,49809,56983
54.0388,2.14253,0.65,0.283333,38410,32862
48.8477,2.55605,1.0,0.133333,5591,54692
73.3767,8.35891,0.613889,0.338889,25186,48842
28.6906,7.71091,0.1625,0.236111,23414,56156
9.82127,17.2325,1.0,0.111111,21426,34298
17.66,17.828,0.0645833,0.186111,47347,31470
66.8372,12.5815,0.2375,0.425,6544,48600
22.1582,9.26803,0.0395833,0.239583,45521,46448
2.02015,6.69026,1.0,0.470833,24951,25752
69.603,10.9196,0.3625,0.661111,15300,4177
30.981,10.8259,0.14375,0.577778,13900,16996
30.2653,18.3625,0.18125,0.525,21584,22931
29.2374,15.849,0.939583,0.209375,7373,3559
34.3832,14.2264,0.139583,0.258333,38127,44692
63.4991,3.64233,0.139583,0.108333,23202,16114
11.1609,4.68159,0.341667,0.763889,9911,8648
30.1358,3.04098,1.0,0.21875,42335,20783
39.4624,1.81251,0.897222,0.347222,16701,46075
24.0685,11.0935,0.10625,0.959375,49523,39123
34.8757,2.16875,0.0888889,0.241667,31122,14562
22.9563,10.8728,0.8625,0.197917,46012,28918
43.083,10.0056,0.204167,0.375,25689,54635
4.05728,4.24765,0.145833,0.179167,51712,44186
12.996,13.4333,0.164583,0.441667,52443,21898
48.4764,6.80571,0.45625,0.35625,55169,57576
36.4108,14.05,0.285417,0.196875,19753,33206
10.6831,7.32236,1.0,0.420833,25653,44291
51.3665,6.71877,0.29375,0.2,21419,20349
41.9047,1.14508,0.3875,0.210417,12695,23426
15.9557,9.14634,0.25,0.869444,29724,25043
44.1369,12.0781,1.0,0.116667,35058,49838
26.461,12.5505,0.383333,0.291667,30680,29851
6.26044,4.58499,0.572222,0.3,40502,42577
23.6475,14.1585,0.183333,0.194444,31100,18602
15.0221,6.91942,0.810417,0.25625,53591,7363
73.8363,2.25679,0.1125,0.25,21688,38401
19.2627,9.16608,1.0,0.160417,16605,23348
16.3961,7.18098,1.0,0.722222,27743,19642
41.9889,13.0196,1.0,0.213889,12521,34166
14.7134,19.8329,0.41875,0.425,39721,26161
3.71557,20.0331,0.375,0.138889,28490,11261
24.3316,12.63,0.8375,0.652778,42866,55359
33.0442,21.8786,1.0,0.652083,5043,21307
6.90098,4.77893,0.269444,0.575,7559,42368
43.5937,18.2722,0.183333,0.472222,15440,53545
27.528,6.38075,0.3625,0.252778,18144,10197
39.6368,1.52713,0.647917,0.505556,45462,25150
13.8098,6.21422,1.0,0.263889,32284,51230
63.134,3.18442,0.441667,0.7375,17417,35556
6.59195,5.56546,0.191667,0.310417,38294,14159
21.4586,13.4296,0.366667,0.133333,454,33174
16.3839,1.66544,0.105556,0.579167,14060,56698
5.55544,13.1901,0.238889,0.597917,5121,31462
41.6075,4.38941,0.0958333,0.166667,15287,38040
19.2632,13.1365,1.0,0.116667,10904,38546
65.9089,5.97253,0.430556,0.391667,551,41372
39.4699,2.10265,0.116667,0.325,27817,11361
62.0883,13.3228,0.616667,0.238889,33753,1133
22.3822,3.81709,0.297917,0.263889,2813,12019
63.5506,5.04457,1.0,0.2375,13329,12100
61.9128,1.99355,1.0,0.5875,25921,14866
10.5382,6.07706,0.254167,0.3,41598,505
21.9942,3.36632,1.0,0.297222,38844,54013
50.6012,1.44707,1.0,0.110417,55397,29089
22.4023,16.9131,0.808333,0.483333,57561,41472
65.13,5.08157,1.0,0.4625,18785,20808
29.9836,20.1236,0.116667,0.622222,54728,51002
21.0555,4.44725,0.2875,0.2375,3002,45905
21.3536,7.30197,0.183333,0.516667,3552,17123
50.3178,12.9714,0.429167,0.608333,38794,43729
33.8546,24.4062,1.0,0.397917,25554,40037
42.5368,15.178,0.158333,0.644444,5941,56678
39.0495,9.02534,0.454167,0.730556,55885,16685
11.3712,6.71352,0.154167,0.297222,34565,52329
57.8464,7.63214,0.983333,0.516667,57498,46255
18.1877,5.84063,0.266667,0.488889,26291,13657
22.3067,22.5742,0.35,0.722222,20341,13013
22.8754,11.3655,1.0,0.0833333,49227,8542
44.902,5.31027,0.7375,0.691667,13664,27089
35.6903,6.39357,0.958333,0.533333,5114,30575
16.7997,6.47794,0.783333,0.202778,11734,13298
57.8813,2.56399,0.572222,0.13125,48692,49850
61.7684,1.9552,0.952778,0.597222,45720,22711
46.3352,7.98041,0.86875,0.266667,35422,32138
27.07,18.4279,1.0,0.347222,51966,4907
54.3634,2.34549,0.363889,0.203125,35545,39768
57.6656,8.44023,0.670833,0.166667,23615,33158
25.0625,0.47892,1.0,0.10625,41373,7277
16.5991,3.93707,0.09375,0.269444,44702,47682
56.3545,7.19225,0.94375,0.855556,17650,54631
44.2331,18.2103,0.6375,0.216667,9809,55469
53.0003,19.0643,0.0729167,0.472917,12371,4404
66.7826,20.4246,0.141667,0.586111,12071,28696
31.2323,15.2655,0.335417,0.205556,4127,39317
22.4432,4.68576,1.0,0.163889,244,24338
8.8048,3.4368,0.933333,0.104167,38693,14115
12.5599,3.58296,0.964583,0.322222,48265,33899
34.9769,5.23728,1.0,0.0645833,1780,32931
68.7154,7.51178,1.0,0.429167,43091,28266
14.925,8.36476,1.0,0.35,24480,13047
37.4328,17.0194,0.727083,0.363889,13612,48857
31.3701,12.5044,0.0729167,0.358333,51339,22866
13.4348,16.5752,0.0770833,0.433333,54670,47855
19.0594,5.19232,0.31875,0.321875,44594,22751
36.7448,23.6211,0.914583,0.16875,57289,30544
31.6646,2.92795,1.0,0.177778,20600,1177
38.3859,14.9681,0.21875,0.297917,12288,12143
24.1019,3.52239,0.20625,0.245833,55599,27047
73.1528,19.0752,0.977083,0.402778,25077,12747
13.9009,19.3594,1.0,0.633333,2420,55200
29.1286,0.493714,0.275,0.813889,51479,10502
52.0703,2.88395,1.0,0.258333,13974,55954
11.3302,7.82522,0.188889,0.191667,6625,1134
35.9097,19.4852,0.202083,1.0,11401,55902
35.3017,6.79714,1.0,0.352778,51533,46515
13.3859,0.0946333,0.4,0.455556,11521,44235
14.0999,10.7243,1.0,0.25625,48387,23284
29.5387,10.5077,0.825,1.0,51721,57431
18.4779,11.6801,0.191667,0.491667,55423,35887
33.3561,15.2362,0.427083,0.819444,8251,22911
11.5541,13.7662,0.347917,0.252778,11362,20527
52.0478,17.0234,0.114583,0.214583,25039,30834
46.0005,14.1479,0.810417,0.589583,51428,22983
19.6098,3.72654,0.897917,0.197917,1283,23179
7.76404,14.2981,0.205556,0.638889,33328,55026
45.8909,4.00789,0.0666667,0.255556,3058,52168
17.6842,4.02541,1.0,0.59375,29642,52521
12.8661,19.4788,1.0,0.208333,877,12715
11.9282,16.2925,0.408333,0.388889,7333,12606
23.7661,12.0286,0.997917,0.20625,12871,5025
46.1901,17.6549,0.141667,0.333333,3949,40792
41.3779,3.1948,0.358333,0.341667,19006,36660
37.7912,3.27346,1.0,0.5,40676,37308
54.7259,5.76834,0.385417,0.296875,47593,17460
1.0919,20.2315,1.0,0.0638889,32690,21824
53.7732,8.69469,0.254167,0.33125,54999,48844
59.9995,3.85068,0.811111,0.980556,12221,32233
20.9697,7.08463,0.0791667,0.147917,47874,42731
33.8568,9.21928,1.0,0.338889,55502,22163
17.5253,5.08306,0.808333,0.897917,26441,51447
55.9515,3.70444,0.316667,0.125,43020,25446
13.2355,15.4197,0.610417,0.0694444,55205,42283
46.4226,1.408,0.0708333,1.0,42328,10854
34.5959,8.01823,0.172917,0.363889,33006,13830
40.6426,16.7092,0.1875,0.0888889,9379,6075
57.0769,17.6409,0.28125,0.416667,34538,21384
76.0565,21.6115,0.658333,0.35,54399,3022
25.8302,3.89797,0.208333,0.327778,21172,6020
50.1301,11.4161,0.158333,0.425,40930,2168
17.7904,13.5181,0.1625,0.141667,17557,43704
16.3525,8.48405,0.808333,0.222222,20270,29084
17.5047,11.647,0.1875,0.522222,52516,45196
12.151,13.105,0.983333,0.527083,49458,31486
19.9921,2.0925,0.352778,0.602778,26905,23084
62.0742,14.7492,0.336111,0.783333,12187,46733
48.7149,6.3435,0.78125,0.847917,27737,5254
50.0913,5.15856,0.352778,0.927778,32949,45785
46.6036,3.00107,0.74375,0.508333,47422,50733
29.2419,6.35219,1.0,0.127778,14885,45696
21.6623,3.34105,0.24375,0.59375,4124,24245
37.5637,8.47255,0.495833,0.122222,28796,36196
5.5729,10.6579,1.0,0.520833,45045,50939
40.8914,3.65607,0.602778,0.169444,18408,42726
10.9977,1.75645,1.0,0.477778,27135,49317
31.0651,11.2137,0.408333,0.2625,55494,51631
32.4768,10.8847,0.677778,0.429167,52174,41679
22.3732,9.7328,0.0541667,0.291667,39978,51146
39.6791,11.6491,1.0,0.744444,34379,46871
40.7063,8.86143,0.133333,0.608333,34717,14003
14.5451,2.35811,0.419444,0.54375,7619,34318
31.5303,11.9222,1.0,0.319444,41033,31633
10.7527,16.0281,0.0729167,0.483333,29033,17003
50.4934,10.3618,0.713889,0.102083,40486,49060
12.3337,15.7794,0.102778,0.55,55967,50460
65.29,16.5546,0.522222,0.530556,37891,55403
7.01283,14.3748,0.495833,0.461111,830,55801
1.97855,17.0277,1.0,0.0833333,3280,1856
35.3591,16.339,0.279167,0.239583,54462,27346
46.6929,5.79637,0.214583,0.80625,50801,5720
37.226,22.4648,0.141667,0.325,1212,42457
49.1722,9.30216,1.0,0.260417,2120,45194
25.2766,10.2337,0.241667,0.253125,55126,1481
5.53684,9.13497,1.0,0.308333,46778,54524
56.5267,0.572706,1.0,0.0861111,12777,41822
23.94,12.6185,0.775,0.1,28973,24802
11.5504,4.00507,0.2,0.466667,2748,14142
6.24821,14.6345,0.18125,0.439583,31405,40799
37.9977,14.7555,0.85,0.538889,580,26181
12.6712,16.6412,1.0,0.577778,55036,21718
70.8619,11.7317,0.35,0.264583,14325,20096
42.2406,12.9956,0.135417,0.208333,15336,12487
57.3332,5.83771,0.308333,0.994444,27218,14929
43.8043,2.67224,0.589583,0.119444,25291,52277
39.8795,5.63281,1.0,0.369444,25202,11524
54.7461,21.427,0.04375,0.225,26330,19903
67.2262,6.18868,0.429167,0.416667,20171,33563
28.9582,13.476,1.0,0.628125,14157,40414
2.23469,4.21954,1.0,0.536111,47596,44962
37.7562,10.523,0.364583,0.183333,5868,46558
63.1039,13.1327,0.247222,0.627083,24282,2209
21.3201,8.795,0.772917,0.81875,8073,53514
56.0696,3.06543,0.227778,0.277778,54849,5117
54.0934,11.5369,0.644444,0.0555556,45818,29717
11.6844,9.46218,0.280556,0.0583333,27716,41114
50.1829,9.26852,1.0,0.847222,31847,16484
45.9807,13.0118,0.175,0.436111,31368,37458
42.8288,10.3152,1.0,0.597222,44150,31753
44.5652,3.16803,0.204167,0.255556,6131,6775
12.6928,13.2197,0.433333,0.594444,34179,14179
26.6731,3.30863,1.0,0.377778,19904,34971
61.6218,6.65143,0.188889,0.133333,43610,19247
38.3483,0.502512,0.588889,0.15,22868,5559
58.1982,8.05662,0.286111,0.675,35980,44689
5.09698,8.81359,0.78125,0.3875,7703,49866
49.1584,5.91187,0.266667,0.275,40618,57396
11.8949,18.1557,0.730556,0.561111,32525,11605
82.3138,7.78749,0.139583,0.19375,55864,7719
18.6275,16.8567,0.158333,0.277083,18230,8445
4.79763,12.7848,0.158333,0.875,20163,29998
25.5585,2.95673,1.0,1.0,30156,56407
42.7521,3.35504,0.270833,0.18125,52729,23718
31.6518,18.8058,1.0,0.352778,49922,14154
9.50156,10.306,0.127083,0.769444,6912,14252
26.4521,10.5739,0.325,0.897222,19901,54483
30.1718,1.89263,0.2,0.16875,3928,15705
14.0525,14.344,0.322222,0.05,28510,48673
13.3553,17.7176,0.4875,1.0,44312,34073
49.2402,3.42512,0.375,0.18125,50975,5393
29.3133,8.01361,1.0,0.775,39373,37583
11.15,14.4753,0.285417,0.280556,45661,55187
12.4917,6.34814,0.816667,0.15,25197,47874
20.9179,14.8525,0.797222,0.858333,20050,35334
72.7931,7.70172,0.280556,0.383333,26878,26719
13.6951,1.18268,0.0416667,0.15625,9302,28910
71.9301,14.7974,1.0,0.138889,15715,48754
32.567,16.042,0.06875,0.297222,50013,23249
44.8392,3.63381,1.0,0.280556,10137,14920
8.29401,6.24242,0.0833333,0.797222,20966,51902
22.0704,3.08616,1.0,0.403125,21392,23081
34.6203,14.9967,0.872222,0.158333,29180,45505
34.9659,4.01654,0.745833,0.233333,27287,28253
18.1086,12.4968,0.377083,0.6,4121,32241
27.3808,16.1703,0.538889,0.275,3873,29144
15.1306,15.4998,0.297917,0.352778,24548,53010
18.897,13.3015,1.0,0.233333,41159,24364
28.0291,7.25271,0.383333,0.294444,21558,12189
30.3213,13.2513,0.322222,0.320833,53730,40839
45.5439,7.0315,0.438889,0.0888889,30383,24445
55.1297,2.30707,1.0,0.939583,22601,10912
14.9037,15.3613,1.0,0.161111,52322,39774
18.347,11.7605,0.0729167,0.444444,21552,31498
56.7621,13.9991,0.304167,0.364583,1125,19720
70.0415,14.5356,0.220833,0.213889,16816,31750
30.0313,10.3376,0.997222,0.363889,57049,27902
55.2985,13.6547,0.166667,0.439583,1238,54439
